chr	start	stop
1	16103	2888443
1	2888443	4320284
1	4320284	5853833
1	5853833	7110219
1	7110219	9473386
1	9473386	11328222
1	11328222	12710318
1	12710318	15244493
1	15244493	17351816
1	17351816	20110062
1	20110062	22020160
1	22020160	24199848
1	24199848	26390306
1	26390306	29689521
1	29689521	31147701
1	31147701	34333501
1	34333501	36392266
1	36392266	38584346
1	38584346	39734696
1	39734696	41508813
1	41508813	44020567
1	44020567	47757518
1	47757518	50179506
1	50179506	54277735
1	54277735	55031463
1	55031463	56335544
1	56335544	58023771
1	58023771	59022907
1	59022907	61899545
1	61899545	63330290
1	63330290	66474395
1	66474395	68199491
1	68199491	70524064
1	70524064	72618382
1	72618382	76011453
1	76011453	79194804
1	79194804	81525772
1	81525772	83003483
1	83003483	84743078
1	84743078	87190280
1	87190280	90651843
1	90651843	91745463
1	91745463	93146168
1	93146168	95577454
1	95577454	97142281
1	97142281	99491959
1	99491959	101384274
1	101384274	104443097
1	104443097	106225286
1	106225286	109761915
1	109761915	111483530
1	111483530	113276642
1	113276642	115338054
1	115338054	117562321
1	117562321	119804207
1	119804207	144883665
1	144883665	149207666
1	149207666	152564308
1	152564308	154829663
1	154829663	158933969
1	158933969	162352348
1	162352348	165222465
1	165222465	167670072
1	167670072	168438717
1	168438717	170228106
1	170228106	172965199
1	172965199	175196219
1	175196219	177780495
1	177780495	178975026
1	178975026	182328957
1	182328957	184657532
1	184657532	186843235
1	186843235	188790814
1	188790814	189791921
1	189791921	191378673
1	191378673	193607054
1	193607054	195599253
1	195599253	199271134
1	199271134	200496446
1	200496446	202852808
1	202852808	204142966
1	204142966	205972031
1	205972031	208461272
1	208461272	210906847
1	210906847	214114077
1	214114077	215979204
1	215979204	217527623
1	217527623	219897513
1	219897513	222387664
1	222387664	226344310
1	226344310	227915333
1	227915333	230549509
1	230549509	231954506
1	231954506	233234629
1	233234629	234364329
1	234364329	235656952
1	235656952	237008086
1	237008086	238306946
1	238306946	239761809
1	239761809	240239889
1	240239889	242255948
1	242255948	242718143
1	242718143	245539982
1	245539982	247180902
1	247180902	248945661
2	10560	1675663
2	1675663	3926189
2	3926189	5567778
2	5567778	6696633
2	6696633	8091887
2	8091887	10100048
2	10100048	11854723
2	11854723	13549395
2	13549395	16227716
2	16227716	18029414
2	18029414	20203660
2	20203660	23312972
2	23312972	25676346
2	25676346	29800507
2	29800507	30889434
2	30889434	33138710
2	33138710	34664244
2	34664244	35897209
2	35897209	37591842
2	37591842	40054824
2	40054824	41157250
2	41157250	43821981
2	43821981	44668180
2	44668180	46321211
2	46321211	48784296
2	48784296	49735407
2	49735407	52263728
2	52263728	53613086
2	53613086	54460117
2	54460117	55438332
2	55438332	59565357
2	59565357	59582067
2	59582067	62477349
2	62477349	64398779
2	64398779	65490213
2	65490213	66498445
2	66498445	67643573
2	67643573	68911826
2	68911826	70352790
2	70352790	71569735
2	71569735	74255421
2	74255421	76420620
2	76420620	77852359
2	77852359	79997629
2	79997629	81393717
2	81393717	85666618
2	85666618	87936212
2	87936212	92062586
2	92062586	99585929
2	99585929	100937413
2	100937413	103145764
2	103145764	105444433
2	105444433	106385118
2	106385118	107317691
2	107317691	109502880
2	109502880	112720775
2	112720775	114452017
2	114452017	117064883
2	117064883	120797174
2	120797174	122654970
2	122654970	124537054
2	124537054	125689597
2	125689597	127728648
2	127728648	129107569
2	129107569	130787741
2	130787741	131938574
2	131938574	134400811
2	134400811	137009736
2	137009736	137937204
2	137937204	141047717
2	141047717	142496787
2	142496787	145687400
2	145687400	150031901
2	150031901	151638809
2	151638809	154780726
2	154780726	156073604
2	156073604	158720603
2	158720603	160577800
2	160577800	163745636
2	163745636	167582095
2	167582095	170462939
2	170462939	173402680
2	173402680	176462474
2	176462474	179338809
2	179338809	182822595
2	182822595	185381293
2	185381293	187801142
2	187801142	191595348
2	191595348	194997068
2	194997068	196445083
2	196445083	198818661
2	198818661	201677542
2	201677542	203951659
2	203951659	207254319
2	207254319	209077137
2	209077137	211916811
2	211916811	213177026
2	213177026	215275154
2	215275154	218398735
2	218398735	221656890
2	221656890	224067522
2	224067522	227093828
2	227093828	227253792
2	227253792	229417908
2	229417908	231326994
2	231326994	233100399
2	233100399	235132526
2	235132526	236042713
2	236042713	237851767
2	237851767	238730040
2	238730040	240518187
2	240518187	242171545
3	11805	1281684
3	1281684	2879831
3	2879831	5020388
3	5020388	5761076
3	5761076	6964397
3	6964397	7955803
3	7955803	9203845
3	9203845	10633421
3	10633421	12819971
3	12819971	14269263
3	14269263	16240935
3	16240935	17850122
3	17850122	19747851
3	19747851	20909655
3	20909655	21481850
3	21481850	22543415
3	22543415	25035003
3	25035003	26996849
3	26996849	30160118
3	30160118	32194255
3	32194255	33214462
3	33214462	35872145
3	35872145	38312014
3	38312014	38855490
3	38855490	40190803
3	40190803	42375669
3	42375669	45108216
3	45108216	47545024
3	47545024	52179438
3	52179438	54975538
3	54975538	56922208
3	56922208	60156340
3	60156340	62064477
3	62064477	63452301
3	63452301	65736796
3	65736796	67987339
3	67987339	69381301
3	69381301	71637546
3	71637546	75327611
3	75327611	75678993
3	75678993	78975391
3	78975391	80044011
3	80044011	82734429
3	82734429	84146729
3	84146729	85489020
3	85489020	87360772
3	87360772	88209300
3	88209300	94537986
3	94537986	95715723
3	95715723	99327109
3	99327109	99631497
3	99631497	103307790
3	103307790	104862998
3	104862998	107117393
3	107117393	109802486
3	109802486	111210579
3	111210579	112690384
3	112690384	114706122
3	114706122	117080547
3	117080547	118281289
3	118281289	121567701
3	121567701	124562051
3	124562051	126157845
3	126157845	128476018
3	128476018	129563510
3	129563510	131727362
3	131727362	133533503
3	133533503	135096873
3	135096873	137652305
3	137652305	139664976
3	139664976	141620155
3	141620155	143776993
3	143776993	145947172
3	145947172	148637651
3	148637651	150534453
3	150534453	152189686
3	152189686	154360351
3	154360351	156292136
3	156292136	159760299
3	159760299	161902641
3	161902641	162827771
3	162827771	166218666
3	166218666	168624774
3	168624774	171460962
3	171460962	174556518
3	174556518	175791161
3	175791161	176977625
3	176977625	179458998
3	179458998	182020176
3	182020176	184395063
3	184395063	186201826
3	186201826	188579184
3	188579184	190638203
3	190638203	192617418
3	192617418	194286613
3	194286613	196135651
3	196135651	198190508
4	10208	1524981
4	1524981	3832785
4	3832785	4568438
4	4568438	5817050
4	5817050	7380816
4	7380816	8307829
4	8307829	11282710
4	11282710	13819249
4	13819249	15925386
4	15925386	18750670
4	18750670	20819487
4	20819487	22317731
4	22317731	23921851
4	23921851	26184372
4	26184372	27964265
4	27964265	29532469
4	29532469	30451997
4	30451997	31312068
4	31312068	32591418
4	32591418	34345470
4	34345470	36671239
4	36671239	38285153
4	38285153	40200112
4	40200112	42191773
4	42191773	43205452
4	43205452	47542521
4	47542521	53515952
4	53515952	55420021
4	55420021	58069173
4	58069173	58494122
4	58494122	61297791
4	61297791	63475350
4	63475350	67193316
4	67193316	68660336
4	68660336	69313767
4	69313767	71151038
4	71151038	73727509
4	73727509	76519461
4	76519461	80068476
4	80068476	81722770
4	81722770	83364947
4	83364947	85422736
4	85422736	87632963
4	87632963	88822431
4	88822431	91244127
4	91244127	93838712
4	93838712	94754997
4	94754997	96619552
4	96619552	99415218
4	99415218	100212545
4	100212545	102190604
4	102190604	104971820
4	104971820	107205489
4	107205489	110203538
4	110203538	113321756
4	113321756	114376044
4	114376044	115366645
4	115366645	117301051
4	117301051	117988883
4	117988883	120474547
4	120474547	121314242
4	121314242	123365760
4	123365760	125559113
4	125559113	126353190
4	126353190	128547006
4	128547006	130700699
4	130700699	132822171
4	132822171	135645027
4	135645027	135974032
4	135974032	137048166
4	137048166	138634616
4	138634616	141889177
4	141889177	143486474
4	143486474	148007221
4	148007221	149762281
4	149762281	153333483
4	153333483	154627660
4	154627660	156564738
4	156564738	157526580
4	157526580	159902822
4	159902822	161712900
4	161712900	161926372
4	161926372	163649680
4	163649680	164551193
4	164551193	165574271
4	165574271	166726172
4	166726172	168655810
4	168655810	169855359
4	169855359	171637449
4	171637449	173554805
4	173554805	175205709
4	175205709	177375493
4	177375493	179733958
4	179733958	182023425
4	182023425	183841077
4	183841077	185961997
4	185961997	187550838
4	187550838	188869868
4	188869868	190183759
5	11875	982414
5	982414	1898484
5	1898484	2888056
5	2888056	4248424
5	4248424	5973513
5	5973513	8074294
5	8074294	9873695
5	9873695	11526655
5	11526655	13611522
5	13611522	16963504
5	16963504	20395390
5	20395390	22656918
5	22656918	23720040
5	23720040	25719714
5	25719714	26749129
5	26749129	28302751
5	28302751	29715047
5	29715047	31868737
5	31868737	33491021
5	33491021	34567616
5	34567616	36433680
5	36433680	38421365
5	38421365	40287783
5	40287783	41825696
5	41825696	44392875
5	44392875	50868828
5	50868828	54641088
5	54641088	56272660
5	56272660	58605405
5	58605405	61563589
5	61563589	64677365
5	64677365	66304871
5	66304871	68440323
5	68440323	71673088
5	71673088	73926865
5	73926865	76272173
5	76272173	78977119
5	78977119	81766514
5	81766514	84011262
5	84011262	86472045
5	86472045	89595713
5	89595713	91697547
5	91697547	94474181
5	94474181	96627192
5	96627192	97981279
5	97981279	99924461
5	99924461	101260069
5	101260069	104334079
5	104334079	106558409
5	106558409	109298427
5	109298427	111561093
5	111561093	113197053
5	113197053	115495921
5	115495921	116754917
5	116754917	119340348
5	119340348	120333193
5	120333193	121650726
5	121650726	123905306
5	123905306	125792638
5	125792638	128008523
5	128008523	129539728
5	129539728	132669355
5	132669355	135495886
5	135495886	137607787
5	137607787	139769624
5	139769624	142619401
5	142619401	145563195
5	145563195	147301068
5	147301068	149895776
5	149895776	152257891
5	152257891	156029821
5	156029821	157766573
5	157766573	160244675
5	160244675	162266414
5	162266414	162954046
5	162954046	164219900
5	164219900	165656023
5	165656023	167974558
5	167974558	170079840
5	170079840	171483820
5	171483820	172918532
5	172918532	174188488
5	174188488	176014330
5	176014330	177963776
5	177963776	179671059
5	179671059	181362530
6	121495	1424420
6	1424420	2511052
6	2511052	3574220
6	3574220	4657971
6	4657971	5938620
6	5938620	7329640
6	7329640	9521269
6	9521269	10464625
6	10464625	11911817
6	11911817	13353666
6	13353666	14327924
6	14327924	16919977
6	16919977	19453045
6	19453045	21684502
6	21684502	22905574
6	22905574	24583576
6	24583576	26341332
6	26341332	28390030
6	28390030	30136357
6	30136357	31604117
6	31604117	32714947
6	32714947	33935919
6	33935919	34997235
6	34997235	37146517
6	37146517	38719920
6	38719920	40377803
6	40377803	42070711
6	42070711	43914875
6	43914875	45129743
6	45129743	47741698
6	47741698	49919132
6	49919132	52730905
6	52730905	54027603
6	54027603	57224910
6	57224910	60230066
6	60230066	64534430
6	64534430	66619047
6	66619047	67338402
6	67338402	68812188
6	68812188	70641576
6	70641576	71740877
6	71740877	72852994
6	72852994	75134984
6	75134984	76704953
6	76704953	79427219
6	79427219	81680882
6	81680882	84499360
6	84499360	85484428
6	85484428	88148802
6	88148802	89989319
6	89989319	92718926
6	92718926	93620120
6	93620120	95271417
6	95271417	96990379
6	96990379	99226105
6	99226105	101752138
6	101752138	103534990
6	103534990	105849291
6	105849291	106998164
6	106998164	109330556
6	109330556	111225281
6	111225281	113383560
6	113383560	116382763
6	116382763	117353349
6	117353349	118497303
6	118497303	121578869
6	121578869	122787546
6	122787546	128506682
6	128506682	130139931
6	130139931	132391786
6	132391786	134398522
6	134398522	136985974
6	136985974	139013579
6	139013579	143399926
6	143399926	145632539
6	145632539	148538997
6	148538997	149932268
6	149932268	151686826
6	151686826	153183030
6	153183030	154909775
6	154909775	156270520
6	156270520	158900527
6	158900527	159565888
6	159565888	161705908
6	161705908	163299753
6	163299753	164671025
6	164671025	166767544
6	166767544	167981705
6	167981705	168510340
6	168510340	169980050
6	169980050	170741882
7	31443	1196882
7	1196882	2640020
7	2640020	3986377
7	3986377	5112355
7	5112355	6928965
7	6928965	7769511
7	7769511	8750815
7	8750815	9949716
7	9949716	11259571
7	11259571	12595836
7	12595836	13740859
7	13740859	15027403
7	15027403	17093854
7	17093854	19617082
7	19617082	21356343
7	21356343	23432442
7	23432442	25641844
7	25641844	28408975
7	28408975	30967102
7	30967102	33515720
7	33515720	36754784
7	36754784	38565649
7	38565649	41703696
7	41703696	43119648
7	43119648	45483849
7	45483849	47215669
7	47215669	49173149
7	49173149	50833794
7	50833794	53108926
7	53108926	54681006
7	54681006	57314931
7	57314931	60897603
7	60897603	64392252
7	64392252	67948940
7	67948940	68769250
7	68769250	71528863
7	71528863	73724576
7	73724576	77106024
7	77106024	78547096
7	78547096	80918333
7	80918333	82597871
7	82597871	84327087
7	84327087	87507355
7	87507355	91032230
7	91032230	93795104
7	93795104	95543074
7	95543074	98297733
7	98297733	101733715
7	101733715	103940775
7	103940775	106064004
7	106064004	109075497
7	109075497	110007951
7	110007951	112146781
7	112146781	114072332
7	114072332	117140445
7	117140445	118713025
7	118713025	122731183
7	122731183	124516477
7	124516477	128149110
7	128149110	129951388
7	129951388	130784338
7	130784338	133120345
7	133120345	134051635
7	134051635	135906335
7	135906335	137613854
7	137613854	139984618
7	139984618	141109068
7	141109068	142522328
7	142522328	143353277
7	143353277	145271128
7	145271128	146879666
7	146879666	148057181
7	148057181	149667784
7	149667784	151929671
7	151929671	153335659
7	153335659	154879921
7	154879921	156175917
7	156175917	157841704
7	157841704	159334873
8	71179	1212769
8	1212769	3113856
8	3113856	3646595
8	3646595	4496470
8	4496470	5553578
8	5553578	6537503
8	6537503	8880095
8	8880095	10429394
8	10429394	11231445
8	11231445	13537946
8	13537946	14087524
8	14087524	15852419
8	15852419	17442590
8	17442590	18089437
8	18089437	19363570
8	19363570	20240733
8	20240733	21638215
8	21638215	23337078
8	23337078	25007602
8	25007602	26225312
8	26225312	27515963
8	27515963	29469590
8	29469590	30324658
8	30324658	31407027
8	31407027	33185008
8	33185008	33770320
8	33770320	38156330
8	38156330	39924888
8	39924888	41148214
8	41148214	42617647
8	42617647	48677154
8	48677154	50550619
8	50550619	52972535
8	52972535	54353895
8	54353895	55945073
8	55945073	59068223
8	59068223	61093540
8	61093540	64848420
8	64848420	66431770
8	66431770	69501925
8	69501925	71102974
8	71102974	72924454
8	72924454	74340073
8	74340073	76961768
8	76961768	78839551
8	78839551	81104029
8	81104029	82815761
8	82815761	83317817
8	83317817	84763475
8	84763475	86621574
8	86621574	88072602
8	88072602	89873225
8	89873225	93290173
8	93290173	95220317
8	95220317	97568971
8	97568971	100485780
8	100485780	102583205
8	102583205	105492381
8	105492381	107173558
8	107173558	110176341
8	110176341	113999360
8	113999360	117613122
8	117613122	120167358
8	120167358	122656841
8	122656841	124810390
8	124810390	126887698
8	126887698	129469866
8	129469866	130948526
8	130948526	132230300
8	132230300	135675938
8	135675938	136512469
8	136512469	140094718
8	140094718	141600918
8	141600918	143034200
8	143034200	145075767
9	10648	1006718
9	1006718	2441602
9	2441602	4239545
9	4239545	5557422
9	5557422	7758677
9	7758677	9377691
9	9377691	10879518
9	10879518	11648425
9	11648425	14384977
9	14384977	16659261
9	16659261	18661053
9	18661053	19882538
9	19882538	22992379
9	22992379	25565421
9	25565421	27637339
9	27637339	29596144
9	29596144	31117922
9	31117922	32931110
9	32931110	35650474
9	35650474	38251687
9	38251687	66697509
9	66697509	69898217
9	69898217	71987159
9	71987159	73589354
9	73589354	76606396
9	76606396	77534591
9	77534591	79997489
9	79997489	80842405
9	80842405	82964613
9	82964613	84834158
9	84834158	86412165
9	86412165	87677148
9	87677148	89739207
9	89739207	90681151
9	90681151	93092818
9	93092818	95372965
9	95372965	98158647
9	98158647	99996542
9	99996542	101945775
9	101945775	103205694
9	103205694	105442981
9	105442981	107441590
9	107441590	109216206
9	109216206	110572327
9	110572327	111956671
9	111956671	112914164
9	112914164	114257360
9	114257360	116251953
9	116251953	117124386
9	117124386	119020547
9	119020547	122108374
9	122108374	123997180
9	123997180	126111284
9	126111284	127835846
9	127835846	129401257
9	129401257	130765755
9	130765755	132225155
9	132225155	133763648
9	133763648	135601336
9	135601336	138221689
10	11501	1693015
10	1693015	2596251
10	2596251	4911397
10	4911397	5563265
10	5563265	7006830
10	7006830	8883571
10	8883571	10500888
10	10500888	12817813
10	12817813	14451594
10	14451594	16404314
10	16404314	18193115
10	18193115	19283278
10	19283278	20625737
10	20625737	23053090
10	23053090	24429720
10	24429720	26596228
10	26596228	28362609
10	28362609	29522130
10	29522130	30628121
10	30628121	32165129
10	32165129	33732734
10	33732734	36185777
10	36185777	37891886
10	37891886	42730021
10	42730021	44511489
10	44511489	46260118
10	46260118	49430094
10	49430094	52032196
10	52032196	53081870
10	53081870	54448277
10	54448277	55784569
10	55784569	57667362
10	57667362	59558848
10	59558848	62446953
10	62446953	64035328
10	64035328	65789708
10	65789708	68139402
10	68139402	69545082
10	69545082	71583425
10	71583425	74769575
10	74769575	77264695
10	77264695	79309511
10	79309511	80126158
10	80126158	82231647
10	82231647	83966001
10	83966001	85526873
10	85526873	86927799
10	86927799	89027551
10	89027551	89867142
10	89867142	91115856
10	91115856	93602293
10	93602293	95280986
10	95280986	98320874
10	98320874	100331627
10	100331627	104378781
10	104378781	106021595
10	106021595	107596178
10	107596178	109887976
10	109887976	113830418
10	113830418	115966151
10	115966151	118977449
10	118977449	120143558
10	120143558	122047725
10	122047725	123788803
10	123788803	125506866
10	125506866	127341896
10	127341896	128485773
10	128485773	130017190
10	130017190	130891275
10	130891275	132423184
10	132423184	133766275
11	128446	1221460
11	1221460	3860500
11	3860500	4566768
11	4566768	6412839
11	6412839	7414638
11	7414638	8077570
11	8077570	9532417
11	9532417	10932798
11	10932798	12617267
11	12617267	14110454
11	14110454	17779362
11	17779362	19230828
11	19230828	20994919
11	20994919	22141006
11	22141006	23509323
11	23509323	24737310
11	24737310	25371770
11	25371770	26753671
11	26753671	28721620
11	28721620	30037956
11	30037956	32009579
11	32009579	33850667
11	33850667	35850762
11	35850762	37820713
11	37820713	41582268
11	41582268	44270671
11	44270671	46916060
11	46916060	49936088
11	49936088	56858541
11	56858541	60339997
11	60339997	63818332
11	63818332	67643581
11	67643581	69043977
11	69043977	70576372
11	70576372	73183962
11	73183962	75724380
11	75724380	78017318
11	78017318	81010713
11	81010713	82103099
11	82103099	84267999
11	84267999	86714492
11	86714492	89332148
11	89332148	91233484
11	91233484	95160268
11	95160268	97219899
11	97219899	98834626
11	98834626	100273186
11	100273186	102272072
11	102272072	104049377
11	104049377	105630711
11	105630711	108568517
11	108568517	110348807
11	110348807	112120989
11	112120989	114017959
11	114017959	114876389
11	114876389	116513409
11	116513409	117835187
11	117835187	119829118
11	119829118	122612025
11	122612025	124584974
11	124584974	126116370
11	126116370	127446429
11	127446429	128390172
11	128390172	130218099
11	130218099	131240814
11	131240814	133539969
11	133539969	135076141
12	10709	970775
12	970775	2067099
12	2067099	3219245
12	3219245	4882038
12	4882038	6411328
12	6411328	8138114
12	8138114	10024521
12	10024521	10918073
12	10918073	13963197
12	13963197	15094301
12	15094301	18147992
12	18147992	20711199
12	20711199	23032153
12	23032153	25447435
12	25447435	27647247
12	27647247	29514726
12	29514726	30570684
12	30570684	32921536
12	32921536	37236646
12	37236646	40805126
12	40805126	41301248
12	41301248	42952310
12	42952310	46119277
12	46119277	47790772
12	47790772	48762437
12	48762437	51189586
12	51189586	52645289
12	52645289	54557704
12	54557704	56408332
12	56408332	59603125
12	59603125	61991992
12	61991992	65677087
12	65677087	66254548
12	66254548	68865968
12	68865968	70833004
12	70833004	72756705
12	72756705	74800380
12	74800380	77720507
12	77720507	80553934
12	80553934	82192699
12	82192699	84951375
12	84951375	87953336
12	87953336	92287316
12	92287316	93208798
12	93208798	94121395
12	94121395	95627156
12	95627156	97821586
12	97821586	99298229
12	99298229	101053635
12	101053635	102729561
12	102729561	104526113
12	104526113	105830574
12	105830574	109677898
12	109677898	112825713
12	112825713	115165608
12	115165608	117668628
12	117668628	119137214
12	119137214	122044856
12	122044856	124768254
12	124768254	126588953
12	126588953	128583014
12	128583014	130252605
12	130252605	130928831
12	130928831	132283870
12	132283870	133264718
13	18171494	20129823
13	20129823	21796317
13	21796317	23154987
13	23154987	23481626
13	23481626	25152918
13	25152918	27381735
13	27381735	28682599
13	28682599	30195113
13	30195113	32229460
13	32229460	34145272
13	34145272	35472583
13	35472583	36923754
13	36923754	38826979
13	38826979	39928639
13	39928639	42006207
13	42006207	44064237
13	44064237	45792617
13	45792617	47248868
13	47248868	48152359
13	48152359	50980149
13	50980149	54109045
13	54109045	56979553
13	56979553	59146123
13	59146123	60692241
13	60692241	63397672
13	63397672	64875121
13	64875121	69183613
13	69183613	70717177
13	70717177	73223631
13	73223631	74730744
13	74730744	76837110
13	76837110	78797698
13	78797698	79683065
13	79683065	81152707
13	81152707	84461288
13	84461288	87540413
13	87540413	91112338
13	91112338	95131571
13	95131571	97662078
13	97662078	99152122
13	99152122	101282511
13	101282511	102084989
13	102084989	103034307
13	103034307	104823326
13	104823326	105741093
13	105741093	108056156
13	108056156	109536072
13	109536072	111419818
13	111419818	113007472
13	113007472	114353285
14	16038675	21164036
14	21164036	22270577
14	22270577	24435396
14	24435396	26814754
14	26814754	29393630
14	29393630	31914233
14	31914233	34119320
14	34119320	35080567
14	35080567	37817319
14	37817319	39872843
14	39872843	40551088
14	40551088	42669707
14	42669707	44408982
14	44408982	46989294
14	46989294	49489231
14	49489231	51611598
14	51611598	53697988
14	53697988	56126490
14	56126490	58669547
14	58669547	61213190
14	61213190	62701179
14	62701179	64420993
14	64420993	65237715
14	65237715	67525157
14	67525157	70187419
14	70187419	72713711
14	72713711	75410019
14	75410019	77957445
14	77957445	79719644
14	79719644	80533677
14	80533677	82795009
14	82795009	84715896
14	84715896	87036808
14	87036808	88302219
14	88302219	90480460
14	90480460	92293029
14	92293029	94303139
14	94303139	95371418
14	95371418	96708716
14	96708716	98523939
14	98523939	100890708
14	100890708	102537895
14	102537895	104812155
14	104812155	106882741
15	17009590	23950423
15	23950423	24754998
15	24754998	27064847
15	27064847	28767009
15	28767009	30259947
15	30259947	32965987
15	32965987	34209386
15	34209386	36911898
15	36911898	38036498
15	38036498	39914612
15	39914612	42142428
15	42142428	45658866
15	45658866	47690138
15	47690138	49901356
15	49901356	51733753
15	51733753	54216126
15	54216126	54844071
15	54844071	58093065
15	58093065	58149891
15	58149891	59314387
15	59314387	61125463
15	61125463	63051119
15	63051119	66680537
15	66680537	69840089
15	69840089	73777368
15	73777368	77703385
15	77703385	79213579
15	79213579	82094856
15	82094856	84973763
15	84973763	87490031
15	87490031	89526888
15	89526888	91547103
15	91547103	93020382
15	93020382	94661912
15	94661912	95454193
15	95454193	97384023
15	97384023	99087254
15	99087254	100206280
15	100206280	101980858
16	10031	1157592
16	1157592	2319070
16	2319070	4203991
16	4203991	5412251
16	5412251	6198246
16	6198246	7478857
16	7478857	9008531
16	9008531	10242288
16	10242288	11821557
16	11821557	13026607
16	13026607	15916446
16	15916446	19268913
16	19268913	20139051
16	20139051	21586331
16	21586331	24006835
16	24006835	25479836
16	25479836	26796952
16	26796952	29685831
16	29685831	46381513
16	46381513	51830934
16	51830934	54306975
16	54306975	56583443
16	56583443	58490381
16	58490381	60191462
16	60191462	62194833
16	62194833	63803517
16	63803517	66105909
16	66105909	68398988
16	68398988	70662193
16	70662193	72901302
16	72901302	74945485
16	74945485	76023784
16	76023784	77705911
16	77705911	78676505
16	78676505	80260790
16	80260790	81293081
16	81293081	82644764
16	82644764	84411478
16	84411478	85419908
16	85419908	86782214
16	86782214	88382277
16	88382277	90220225
17	120360	1013206
17	1013206	2799513
17	2799513	3524642
17	3524642	4611485
17	4611485	5782462
17	5782462	7411566
17	7411566	9201913
17	9201913	10670471
17	10670471	12764265
17	12764265	13625781
17	13625781	14744159
17	14744159	16989527
17	16989527	20940244
17	20940244	27951253
17	27951253	31594410
17	31594410	34586111
17	34586111	35981646
17	35981646	37727883
17	37727883	40721028
17	40721028	42087601
17	42087601	45383525
17	45383525	50162864
17	50162864	52868756
17	52868756	55522370
17	55522370	57489969
17	57489969	60570445
17	60570445	65149278
17	65149278	67025568
17	67025568	68379734
17	68379734	69532703
17	69532703	70743921
17	70743921	72721926
17	72721926	74676064
17	74676064	76862119
17	76862119	79415165
17	79415165	81070897
17	81070897	83242554
18	36427	1575019
18	1575019	3411708
18	3411708	5560423
18	5560423	7090236
18	7090236	8658509
18	8658509	10846279
18	10846279	13284032
18	13284032	22415240
18	22415240	25167515
18	25167515	26873449
18	26873449	29293548
18	29293548	31787670
18	31787670	34878947
18	34878947	36213990
18	36213990	37431044
18	37431044	40104430
18	40104430	42312683
18	42312683	45046071
18	45046071	48227245
18	48227245	49916759
18	49916759	53536512
18	53536512	53950487
18	53950487	57545826
18	57545826	58180232
18	58180232	59563580
18	59563580	61720111
18	61720111	63460200
18	63460200	65364012
18	65364012	66585318
18	66585318	68166377
18	68166377	69581483
18	69581483	71170494
18	71170494	71953820
18	71953820	73750620
18	73750620	75159731
18	75159731	76625474
18	76625474	77762652
18	77762652	79389527
18	79389527	80262725
19	90949	1507536
19	1507536	3368979
19	3368979	4883729
19	4883729	7133167
19	7133167	8273370
19	8273370	9354363
19	9354363	11569122
19	11569122	12408772
19	12408772	15537337
19	15537337	16707045
19	16707045	20110504
19	20110504	21640606
19	21640606	23284944
19	23284944	28425672
19	28425672	29092638
19	29092638	29887513
19	29887513	31660546
19	31660546	33534775
19	33534775	35206200
19	35206200	36997570
19	36997570	39680626
19	39680626	41137068
19	41137068	42346101
19	42346101	44935906
19	44935906	46842901
19	46842901	48590136
19	48590136	51139804
19	51139804	52482108
19	52482108	53788025
19	53788025	55215821
19	55215821	56918544
19	56918544	58607520
20	61521	854451
20	854451	2517368
20	2517368	4092203
20	4092203	5854529
20	5854529	6784690
20	6784690	7976504
20	7976504	9310724
20	9310724	10475702
20	10475702	12846351
20	12846351	15563407
20	15563407	17558457
20	17558457	19729285
20	19729285	22799716
20	22799716	25046442
20	25046442	32060775
20	32060775	36429279
20	36429279	40697409
20	40697409	42726168
20	42726168	42980474
20	42980474	44760233
20	44760233	46209985
20	46209985	47949199
20	47949199	50319421
20	50319421	53436693
20	53436693	55439357
20	55439357	57610823
20	57610823	59738218
20	59738218	60984217
20	60984217	62464012
20	62464012	63558301
20	63558301	64331539
21	5033884	14356096
21	14356096	16677221
21	16677221	18133254
21	18133254	19330300
21	19330300	20636255
21	20636255	21990355
21	21990355	23324211
21	23324211	24215031
21	24215031	26405838
21	26405838	27752663
21	27752663	29475000
21	29475000	31151914
21	31151914	33004280
21	33004280	34754071
21	34754071	36305757
21	36305757	38746262
21	38746262	40333834
21	40333834	41654474
21	41654474	44518132
21	44518132	46696121
22	10516173	17414263
22	17414263	19608021
22	19608021	22004675
22	22004675	23374984
22	23374984	25249905
22	25249905	26864676
22	26864676	29423003
22	29423003	30667654
22	30667654	32269392
22	32269392	34098789
22	34098789	35136741
22	35136741	37320379
22	37320379	39179317
22	39179317	40951809
22	40951809	43251864
22	43251864	44603286
22	44603286	46177037
22	46177037	47876022
22	47876022	49355984
22	49355984	50799822
