chr	start	end
1	16103	2047216
1	2047216	3765117
1	3765117	5031767
1	5031767	7187275
1	7187275	9008798
1	9008798	10970804
1	10970804	12223096
1	12223096	15373761
1	15373761	17230638
1	17230638	19734472
1	19734472	21819786
1	21819786	24980943
1	24980943	28866210
1	28866210	30893917
1	30893917	33720593
1	33720593	36556160
1	36556160	38578460
1	38578460	40473079
1	40473079	41509505
1	41509505	43294062
1	43294062	48076069
1	48076069	52650579
1	52650579	55016075
1	55016075	57920338
1	57920338	59735007
1	59735007	62339647
1	62339647	64150708
1	64150708	66309305
1	66309305	71491610
1	71491610	72808653
1	72808653	76509752
1	76509752	78255554
1	78255554	80411455
1	80411455	82405992
1	82405992	84757793
1	84757793	87943816
1	87943816	91064032
1	91064032	94073573
1	94073573	97260123
1	97260123	98959332
1	98959332	101384957
1	101384957	102889897
1	102889897	104760522
1	104760522	108710745
1	108710745	109911185
1	109911185	111484272
1	111484272	113276642
1	113276642	118298518
1	151839334	152565478
1	152565478	156696041
1	156696041	160191158
1	160191158	163172765
1	163172765	165222465
1	165222465	167191858
1	167191858	170590485
1	170590485	172965199
1	172965199	175756790
1	175756790	178949177
1	178949177	181182420
1	181182420	185459054
1	185459054	187554405
1	187554405	189791921
1	189791921	193477574
1	193477574	197341723
1	197341723	198573897
1	198573897	200894644
1	200894644	202648190
1	202648190	204665016
1	204665016	206760042
1	206760042	208684834
1	208684834	211730052
1	211730052	212926265
1	212926265	216101561
1	216101561	217803120
1	217803120	219303738
1	219303738	222057315
1	222057315	224725228
1	224725228	227502136
1	227502136	230745317
1	230745317	234229340
1	234229340	235031278
1	235031278	237248919
1	237248919	239763515
1	239763515	241921127
1	241921127	245954546
1	245954546	247378750
1	247378750	248945661
2	10560	1777250
2	1777250	3606252
2	3606252	4479957
2	4479957	7112053
2	7112053	8841833
2	8841833	11562535
2	11562535	13484151
2	13484151	16631760
2	16631760	19505886
2	19505886	23008855
2	23008855	25264789
2	25264789	28516584
2	28516584	30352914
2	30352914	32903740
2	32903740	34529965
2	34529965	37451302
2	37451302	38668532
2	38668532	41862674
2	41862674	44882849
2	44882849	45817693
2	45817693	48726210
2	48726210	48889653
2	48889653	52266364
2	52266364	53410264
2	53410264	56278448
2	56278448	57500566
2	57500566	62477349
2	62477349	64870077
2	64870077	67218307
2	67218307	70596389
2	70596389	74746825
2	74746825	77152835
2	77152835	80504530
2	80504530	82573684
2	82573684	88854232
2	98378510	100938622
2	100938622	103131816
2	103131816	107165506
2	107165506	108376859
2	108376859	112719840
2	112719840	115657414
2	115657414	118199422
2	118199422	120327131
2	120327131	122735571
2	122735571	123975917
2	123975917	127651764
2	127651764	129318998
2	129318998	132042144
2	132042144	133970570
2	133970570	136285224
2	136285224	137937484
2	137937484	141319739
2	141319739	142497154
2	142497154	143385609
2	143385609	145337502
2	145337502	149617312
2	149617312	152514768
2	152514768	155296607
2	155296607	158722132
2	158722132	160923904
2	160923904	163611818
2	163611818	167581742
2	167581742	170118939
2	170118939	171232433
2	171232433	173689830
2	173689830	175872929
2	175872929	177751441
2	177751441	181982804
2	181982804	184415102
2	184415102	186074148
2	186074148	190081059
2	190081059	192165273
2	192165273	195099911
2	195099911	196444709
2	196444709	200492019
2	200492019	203954121
2	203954121	206975752
2	206975752	211008515
2	211008515	212711548
2	212711548	215994956
2	215994956	217115991
2	217115991	219832881
2	219832881	222121676
2	222121676	224068622
2	224068622	226707838
2	226707838	229671488
2	229671488	231327593
2	231327593	234605642
2	234605642	236666529
2	236666529	239406169
2	239406169	240521463
2	240521463	242171545
3	11805	1582749
3	1582749	3516797
3	3516797	5761076
3	5761076	7468612
3	7468612	8632674
3	8632674	10781110
3	10781110	12825947
3	12825947	14586897
3	14586897	16243845
3	16243845	18563318
3	18563318	20936471
3	20936471	22544107
3	22544107	23608909
3	23608909	26340370
3	26340370	29278762
3	29278762	31230244
3	31230244	32972876
3	32972876	35987897
3	35987897	37490365
3	37490365	40190918
3	40190918	43208734
3	43208734	45134880
3	45134880	46618048
3	46618048	54555023
3	54555023	59423678
3	59423678	63416329
3	63416329	65846944
3	65846944	68273045
3	68273045	71669512
3	71669512	74048162
3	74048162	75698533
3	75698533	77713493
3	77713493	82454067
3	82454067	84318463
3	84318463	87061524
3	87061524	90720182
3	94486924	98021782
3	98021782	100874633
3	100874633	103731801
3	103731801	107263470
3	107263470	109311949
3	109311949	112007969
3	112007969	112735516
3	112735516	115563211
3	115563211	117438449
3	117438449	118811825
3	118811825	120990464
3	120990464	124930675
3	124930675	127087214
3	127087214	130307714
3	130307714	132729672
3	132729672	133533493
3	133533493	135549808
3	135549808	137652817
3	137652817	140118741
3	140118741	143295459
3	143295459	145812153
3	145812153	148919984
3	148919984	150879134
3	150879134	153538185
3	153538185	156291825
3	156291825	161908334
3	161908334	163538197
3	163538197	167561072
3	167561072	169264476
3	169264476	171461990
3	171461990	174559008
3	174559008	177780296
3	177780296	179658854
3	179658854	182708746
3	182708746	185847935
3	185847935	187376772
3	187376772	189325822
3	189325822	190566797
3	190566797	192376186
3	192376186	193039615
3	193039615	195035373
3	195035373	196129040
3	196129040	196688782
3	196688782	198190508
4	10208	1495465
4	1495465	3666121
4	3666121	5640414
4	5640414	8129687
4	8129687	9177381
4	9177381	9400953
4	9400953	11411955
4	11411955	11971301
4	11971301	14288616
4	14288616	15922883
4	15922883	18751197
4	18751197	20484607
4	20484607	21789793
4	21789793	23768254
4	23768254	25968157
4	25968157	28927393
4	28927393	29900991
4	29900991	32592190
4	32592190	34346424
4	34346424	36672526
4	36672526	37897029
4	37897029	40724658
4	40724658	42659954
4	42659954	45672729
4	51814962	54818334
4	54818334	56308038
4	56308038	58494275
4	58494275	59043805
4	59043805	60648763
4	60648763	63638908
4	63638908	65734774
4	65734774	66744320
4	66744320	68409215
4	68409215	70607490
4	70607490	75571607
4	75571607	77704281
4	77704281	82229634
4	82229634	84513834
4	84513834	88318340
4	88318340	90640188
4	90640188	93840022
4	93840022	95991598
4	95991598	97868391
4	97868391	99883948
4	99883948	102467408
4	102467408	103948618
4	103948618	106580372
4	106580372	109295314
4	109295314	110589886
4	110589886	113411146
4	113411146	115198937
4	115198937	119012479
4	119012479	120623983
4	120623983	121537361
4	121537361	124943634
4	124943634	129445397
4	129445397	130703229
4	130703229	132616027
4	132616027	136480899
4	136480899	137814870
4	137814870	141078850
4	141078850	143487324
4	143487324	147606236
4	147606236	149716405
4	149716405	153067088
4	153067088	156244010
4	156244010	158253887
4	158253887	162091868
4	162091868	163650956
4	163650956	164902746
4	164902746	166932715
4	166932715	169855359
4	169855359	174135747
4	174135747	176208751
4	176208751	177978121
4	177978121	179626828
4	179626828	181766975
4	181766975	184030017
4	184030017	186667541
4	186667541	188624963
4	188624963	190183759
5	11875	1279913
5	1279913	2491626
5	2491626	4940142
5	4940142	7856878
5	7856878	10036320
5	10036320	13848116
5	13848116	18052252
5	18052252	20562111
5	20562111	24365200
5	24365200	26823894
5	26823894	29595242
5	29595242	31096466
5	31096466	33521008
5	33521008	34567696
5	34567696	36665969
5	36665969	38383289
5	38383289	41276997
5	41276997	43257152
5	43257152	43950430
5	51906595	52409700
5	52409700	53918907
5	53918907	57040484
5	57040484	58756759
5	58756759	61641108
5	61641108	62847688
5	62847688	64925770
5	64925770	68113246
5	68113246	73128761
5	73128761	75947589
5	75947589	76926922
5	76926922	78828206
5	78828206	81188290
5	81188290	84011768
5	84011768	86471573
5	86471573	89594797
5	89594797	92504930
5	92504930	96491383
5	96491383	97711448
5	97711448	99934351
5	99934351	103572554
5	103572554	107927895
5	107927895	111800109
5	111800109	112840073
5	112840073	115784571
5	115784571	116856992
5	116856992	119340206
5	119340206	121630196
5	121630196	122952779
5	122952779	125729508
5	125729508	127607586
5	127607586	129397879
5	129397879	131149534
5	131149534	136007858
5	136007858	136700568
5	136700568	142013216
5	142013216	144105337
5	144105337	147803192
5	147803192	149281961
5	149281961	151537385
5	151537385	153491444
5	153491444	157769867
5	157769867	160769084
5	160769084	164096682
5	164096682	167421729
5	167421729	170015438
5	170015438	172474251
5	172474251	174612800
5	174612800	178191940
5	178191940	179670881
5	179670881	181362530
6	121495	1832807
6	1832807	3416688
6	3416688	4974901
6	4974901	6622089
6	6622089	8259177
6	8259177	9190384
6	9190384	11870707
6	11870707	14009060
6	14009060	16809464
6	16809464	20107400
6	20107400	22038571
6	22038571	24108429
6	24108429	26419024
6	26419024	30106780
6	30106780	30830214
6	30830214	31481245
6	31481245	32489917
6	32489917	32652195
6	32652195	33259422
6	33259422	36261718
6	36261718	37354569
6	37354569	38717082
6	38717082	40829452
6	40829452	43782819
6	43782819	47032925
6	47032925	48192838
6	48192838	50969699
6	50969699	53995800
6	53995800	55601574
6	55601574	56241636
6	60230066	63176380
6	63176380	65056936
6	65056936	66327944
6	66327944	67838478
6	67838478	70031599
6	70031599	73096308
6	73096308	75134884
6	75134884	77602839
6	77602839	79427542
6	79427542	80928726
6	80928726	84325121
6	84325121	84988445
6	84988445	87793289
6	87793289	89297772
6	89297772	92040256
6	92040256	94642318
6	94642318	96043083
6	96043083	99839369
6	99839369	102189123
6	102189123	103536292
6	103536292	106475550
6	106475550	108090742
6	108090742	109983438
6	109983438	111115239
6	111115239	114232459
6	114232459	117254893
6	117254893	120760806
6	120760806	123537280
6	123537280	125356221
6	125356221	128021365
6	128021365	131138046
6	131138046	133996144
6	133996144	136671869
6	136671869	139388882
6	139388882	143408939
6	143408939	145847652
6	145847652	148140418
6	148140418	148895942
6	148895942	150316866
6	150316866	152770440
6	152770440	155785980
6	155785980	159185950
6	159185950	161900102
6	161900102	164171841
6	164171841	165656419
6	165656419	167301249
6	167301249	169312002
6	169312002	170741882
7	31439	576255
7	576255	1754627
7	1754627	3234534
7	3234534	4747241
7	4747241	6860878
7	6860878	8177392
7	8177392	9872085
7	9872085	11199895
7	11199895	12595313
7	12595313	14136710
7	14136710	14976392
7	14976392	17094229
7	17094229	19101832
7	19101832	21675760
7	21675760	23262969
7	23262969	25631957
7	25631957	27999971
7	27999971	30137419
7	30137419	32418964
7	32418964	36755827
7	36755827	41469840
7	41469840	43407918
7	43407918	45195252
7	45195252	47297830
7	47297830	50325467
7	50325467	53109807
7	53109807	54839953
7	54839953	58119590
7	62625264	64064345
7	64064345	66489212
7	66489212	67995715
7	67995715	68225064
7	68225064	70805686
7	70805686	71980346
7	71980346	75754353
7	75754353	78437167
7	78437167	80130516
7	80130516	82393370
7	82393370	83538459
7	83538459	85944344
7	85944344	89107569
7	89107569	91108654
7	91108654	96444810
7	96444810	99117851
7	99117851	103756926
7	103756926	106827923
7	106827923	109656978
7	109656978	112147676
7	112147676	113745726
7	113745726	118713039
7	118713039	122294601
7	122294601	128207271
7	128207271	131783696
7	131783696	135786224
7	135786224	137280546
7	137280546	141436424
7	141436424	143332278
7	143332278	147097570
7	147097570	148300523
7	148300523	150265306
7	150265306	152581225
7	152581225	154242606
7	154242606	155588727
7	155588727	157405150
7	157405150	158977593
7	158977593	159334873
8	71179	1682792
8	1682792	3114527
8	3114527	3528902
8	3528902	4622632
8	4622632	5288917
8	5288917	6545410
8	6545410	8666402
8	8666402	10212606
8	10212606	11660082
8	11660082	12862840
8	12862840	13414473
8	13414473	14149951
8	14149951	15851692
8	15851692	17507513
8	17507513	18336709
8	18336709	20120969
8	20120969	22567236
8	22567236	23760704
8	23760704	25008087
8	25008087	27480830
8	27480830	29809373
8	29809373	32594380
8	32594380	35461222
8	35461222	40661942
8	40661942	42193396
8	48679103	50999345
8	50999345	55002421
8	55002421	56301262
8	56301262	58151735
8	58151735	60899205
8	60899205	65134338
8	65134338	68787521
8	68787521	71102974
8	71102974	72496745
8	72496745	74532829
8	74532829	77103878
8	77103878	78839551
8	78839551	82816980
8	82816980	86551439
8	86551439	89355479
8	89355479	93148787
8	93148787	96842979
8	96842979	98923471
8	98923471	102720093
8	102720093	105499462
8	105499462	106401186
8	106401186	108785564
8	108785564	114000142
8	114000142	117286508
8	117286508	120758252
8	120758252	123528864
8	123528864	124942628
8	124942628	127647312
8	127647312	130493749
8	130493749	133556709
8	133556709	136297206
8	136297206	138768362
8	138768362	140482206
8	140482206	142129686
8	142129686	143634985
8	143634985	145075767
9	10648	903058
9	903058	2169493
9	2169493	4420402
9	4420402	4686097
9	4686097	6858256
9	6858256	7515713
9	7515713	8894396
9	8894396	10879676
9	10879676	12794743
9	12794743	14753884
9	14753884	16660769
9	16660769	18391119
9	18391119	20486413
9	20486413	22971377
9	22971377	25273788
9	25273788	27869275
9	27869275	30118096
9	30118096	31838060
9	31838060	36032875
9	36032875	38157205
9	64129460	69674733
9	69674733	70362357
9	70362357	73589030
9	73589030	75889813
9	75889813	78316848
9	78316848	81098268
9	81098268	84834158
9	84834158	86576869
9	86576869	89676046
9	89676046	91136525
9	91136525	92817039
9	92817039	95553691
9	95553691	98417580
9	98417580	101805299
9	101805299	103206935
9	103206935	105066758
9	105066758	107441885
9	107441885	109654132
9	109654132	113146172
9	113146172	115809092
9	115809092	119680227
9	119680227	122633913
9	122633913	124733429
9	124733429	129324734
9	129324734	130234368
9	130234368	132425530
9	132425530	133752119
9	133752119	135554868
9	135554868	138221689
10	11501	1705475
10	1705475	2702021
10	2702021	4192723
10	4192723	5183395
10	5183395	6347298
10	6347298	7613603
10	7613603	10118076
10	10118076	12542514
10	12542514	14371668
10	14371668	16404314
10	16404314	18498892
10	18498892	21030071
10	21030071	23972093
10	23972093	26864410
10	26864410	29027967
10	29027967	30398004
10	30398004	33420234
10	33420234	35911698
10	35911698	38900024
10	41842070	44646509
10	44646509	46368120
10	46368120	49632690
10	49632690	52163651
10	52163651	54109467
10	54109467	55271275
10	55271275	58064077
10	58064077	59629074
10	59629074	63000926
10	63000926	66613339
10	66613339	68140795
10	68140795	70497737
10	70497737	71750712
10	71750712	75645143
10	75645143	78309875
10	78309875	80126485
10	80126485	82116264
10	82116264	84179074
10	84179074	88220063
10	88220063	91148075
10	91148075	96794378
10	96794378	99570466
10	99570466	104378840
10	104378840	105251377
10	105251377	108594961
10	108594961	109661232
10	109661232	111358688
10	111358688	114281518
10	114281518	116198219
10	116198219	119145702
10	119145702	121341157
10	121341157	123517301
10	123517301	125565861
10	125565861	125701630
10	125701630	127401823
10	127401823	129257293
10	129257293	131325712
10	131325712	132228705
10	132228705	133766275
11	128446	2911687
11	2911687	5750467
11	5750467	7416380
11	7416380	8629913
11	8629913	11097681
11	11097681	12275780
11	12275780	16362901
11	16362901	18945045
11	18945045	21886008
11	21886008	24067440
11	24067440	26025080
11	26025080	29509071
11	29509071	30665943
11	30665943	34208414
11	34208414	37123126
11	37123126	40083026
11	40083026	42834749
11	42834749	45685808
11	54537719	56005701
11	56005701	59270976
11	59270976	61536138
11	61536138	65378786
11	65378786	66375776
11	66375776	69789759
11	69789759	73185723
11	73185723	75724509
11	75724509	80089361
11	80089361	82644537
11	82644537	86916336
11	86916336	88548038
11	88548038	91233488
11	91233488	94303041
11	94303041	95603652
11	95603652	97187917
11	97187917	98834626
11	98834626	100544872
11	100544872	102283258
11	102283258	104089259
11	104089259	105618167
11	105618167	107972876
11	107972876	109994324
11	109994324	110343570
11	110343570	112118203
11	112118203	112825748
11	112825748	116234802
11	116234802	117783240
11	117783240	119630005
11	119630005	121955186
11	121955186	123166773
11	123166773	124053985
11	124053985	126019860
11	126019860	128177227
11	128177227	130040113
11	130040113	132516461
11	132516461	134043169
11	134043169	135076141
12	10709	971688
12	971688	3567851
12	3567851	4948832
12	4948832	6844093
12	6844093	8440238
12	8440238	10027242
12	10027242	12313741
12	12313741	13966747
12	13966747	15094395
12	15094395	17700895
12	17700895	20643742
12	20643742	22193468
12	22193468	24775397
12	24775397	27380434
12	27380434	28876192
12	28876192	31645248
12	37236646	40805337
12	40805337	42683477
12	42683477	45631440
12	45631440	48762471
12	48762471	52179013
12	52179013	53926908
12	53926908	58138574
12	58138574	61346287
12	61346287	64991246
12	64991246	67515034
12	67515034	71558195
12	71558195	72728076
12	72728076	75722683
12	75722683	77412906
12	77412906	80554292
12	80554292	83035197
12	83035197	87953423
12	87953423	90176333
12	90176333	91849410
12	91849410	93555018
12	93555018	96048099
12	96048099	98184936
12	98184936	99575015
12	99575015	102786158
12	102786158	105703842
12	105703842	108631585
12	108631585	113088440
12	113088440	115165608
12	115165608	117125380
12	117125380	119123495
12	119123495	121384267
12	121384267	124714525
12	124714525	125963422
12	125963422	128687920
12	128687920	129675827
12	129675827	131630196
12	131630196	133264718
13	18171494	21847815
13	21847815	22751404
13	22751404	23456375
13	23456375	25211146
13	25211146	26990828
13	26990828	29319316
13	29319316	31512169
13	31512169	34456306
13	34456306	37717830
13	37717830	39928639
13	39928639	43152445
13	43152445	44868109
13	44868109	47558599
13	47558599	48810142
13	48810142	54303404
13	54303404	57682893
13	57682893	61019206
13	61019206	62828018
13	62828018	64908616
13	64908616	67888199
13	67888199	69238268
13	69238268	72537665
13	72537665	75931547
13	75931547	79021815
13	79021815	81152792
13	81152792	82382137
13	82382137	85747991
13	85747991	86474904
13	86474904	90650899
13	90650899	92261854
13	92261854	95436476
13	95436476	97663027
13	97663027	99977573
13	99977573	103178756
13	103178756	105790606
13	105790606	107539030
13	107539030	108708511
13	108708511	109883911
13	109883911	111472631
13	111472631	112801641
13	112801641	113507718
13	113507718	114353285
14	16038675	16100330
14	22031631	24073249
14	24073249	26449198
14	26449198	29523447
14	29523447	33566546
14	33566546	35393480
14	35393480	39872377
14	39872377	41146128
14	41146128	44408974
14	44408974	45846372
14	45846372	48536349
14	48536349	50876881
14	50876881	52388716
14	52388716	54641052
14	54641052	56664069
14	56664069	58981113
14	58981113	61214802
14	61214802	63566622
14	63566622	64754057
14	64754057	67572653
14	67572653	70882826
14	70882826	73784027
14	73784027	76404725
14	76404725	78096031
14	78096031	79200967
14	79200967	81995450
14	81995450	83882540
14	83882540	87036232
14	87036232	88945090
14	88945090	91218324
14	91218324	92666593
14	92666593	93988611
14	93988611	96101949
14	96101949	98526321
14	98526321	101414414
14	101414414	104539833
14	104539833	106882741
15	23365803	24369187
15	24369187	25883795
15	25883795	27491693
15	27491693	31298974
15	31298974	32907555
15	32907555	34797859
15	34797859	37269893
15	37269893	40091931
15	40091931	44802426
15	44802426	47843088
15	47843088	49899386
15	49899386	51445370
15	51445370	53874621
15	53874621	55531404
15	55531404	57563240
15	57563240	59536099
15	59536099	60917512
15	60917512	62640387
15	62640387	67097412
15	67097412	70052277
15	70052277	74089851
15	74089851	79069817
15	79069817	80763583
15	80763583	84211102
15	84211102	85799510
15	85799510	88731363
15	88731363	90900385
15	90900385	92629842
15	92629842	94081947
15	94081947	96346973
15	96346973	98919411
15	98919411	100207088
15	100207088	101980858
16	10031	1948918
16	1948918	5194766
16	5194766	6394709
16	6394709	7479954
16	7479954	9149882
16	9149882	11519313
16	11519313	11666353
16	11666353	12625659
16	12625659	17160447
16	17160447	19381498
16	19381498	21231535
16	21231535	24239909
16	24239909	26138744
16	26138744	29498299
16	46383730	52410393
16	52410393	54308793
16	54308793	55798309
16	55798309	57304224
16	57304224	58477992
16	58477992	60550856
16	60550856	62196374
16	62196374	64163013
16	64163013	67412051
16	67412051	74053795
16	74053795	76243754
16	76243754	78731582
16	78731582	80385290
16	80385290	81968654
16	81968654	83048889
16	83048889	84776618
16	84776618	86008491
16	86008491	87916112
16	87916112	88749633
16	88749633	90220225
17	120360	835200
17	835200	2853014
17	2853014	4791890
17	4791890	6409038
17	6409038	8913672
17	8913672	11091263
17	11091263	12252584
17	12252584	13414195
17	13414195	14744742
17	14744742	16208007
17	16208007	21403289
17	32558547	36661872
17	36661872	40722808
17	40722808	46788237
17	46788237	47804871
17	47804871	51822683
17	51822683	54024731
17	54024731	55389695
17	55389695	58166797
17	58166797	64034663
17	64034663	65154986
17	65154986	66962871
17	66962871	68716365
17	68716365	70743436
17	70743436	74031845
17	74031845	75759437
17	75759437	79155079
17	79155079	81070030
17	81070030	83242554
18	36427	1943439
18	1943439	4042665
18	4042665	6653343
18	6653343	8557417
18	8557417	10846107
18	10846107	12262288
18	12262288	15410468
18	24048375	27395206
18	27395206	30251867
18	30251867	35031205
18	35031205	36629087
18	36629087	40105074
18	40105074	41834328
18	41834328	45392324
18	45392324	46661515
18	46661515	49657424
18	49657424	52627323
18	52627323	54853185
18	54853185	58625014
18	58625014	61917998
18	61917998	63461704
18	63461704	64539078
18	64539078	66585564
18	66585564	68743001
18	68743001	70957025
18	70957025	73273343
18	73273343	74570123
18	74570123	75907018
18	75907018	77402229
18	77402229	78389462
18	78389462	79193598
18	79193598	80262725
19	90949	1346978
19	1346978	3020008
19	3020008	5478737
19	5478737	7677459
19	7677459	10103476
19	10103476	12408772
19	12408772	14784603
19	14784603	16070027
19	16070027	17790744
19	17790744	20111163
19	20111163	22479904
19	28486087	29661085
19	29661085	30955388
19	30955388	33650254
19	33650254	35407016
19	35407016	38884460
19	38884460	40875670
19	40875670	43378972
19	43378972	45032052
19	45032052	46833900
19	46833900	48779546
19	48779546	50835128
19	50835128	52777894
19	52777894	53848890
19	53848890	55822159
19	55822159	58607520
20	61521	1928168
20	1928168	2821377
20	2821377	5395708
20	5395708	7248867
20	7248867	9750273
20	9750273	12923181
20	12923181	15581249
20	15581249	17506434
20	17506434	19633942
20	19633942	22799716
20	22799716	25845240
20	32611591	33897029
20	33897029	38278671
20	38278671	40983101
20	40983101	44433479
20	44433479	47043188
20	47043188	48884975
20	48884975	51844792
20	51844792	54206103
20	54206103	56409008
20	56409008	59254246
20	59254246	61193425
20	61193425	62624303
20	62624303	63559059
20	63559059	64331539
21	13827490	14945612
21	14945612	17581092
21	17581092	19035492
21	19035492	20701292
21	20701292	22278323
21	22278323	24134139
21	24134139	24826401
21	24826401	27754318
21	27754318	29474939
21	29474939	32298296
21	32298296	35934704
21	35934704	37339907
21	37339907	40430572
21	40430572	41654684
21	41654684	44710082
21	44710082	46696121
22	17231252	18599625
22	18599625	22049988
22	22049988	23506857
22	23506857	25030080
22	25030080	26342045
22	26342045	27795907
22	27795907	30561007
22	30561007	32521513
22	32521513	33573528
22	33573528	35135016
22	35135016	38911889
22	38911889	40664849
22	40664849	45048516
22	45048516	46533292
22	46533292	49129522
22	49129522	50799822
