Region1 1 47534327 51534328
Region2 2 85772876 87441083
Region2 2 87441083 88452233
Region2 2 88452234 88732764
Region2 2 88732765 88803543
Region2 2 88803546 88824582
Region2 2 88824583 88859430
Region2 2 88859431 88870333
Region2 2 88870333 88927675
Region2 2 88927675 88952843
Region2 2 88952843 88992957
Region2 2 88992978 88997646
Region2 2 88997647 89049104
Region2 2 89049105 89092492
Region2 2 89092494 89094821
Region2 2 89094822 89100365
Region2 2 89100367 89120550
Region2 2 89120557 89124542
Region2 2 89124543 89149983
Region2 2 89149983 89190914
Region2 2 89190914 89205208
Region2 2 89205211 89214372
Region2 2 89214376 89238412
Region2 2 89238412 89251064
Region2 2 89251064 89251897
Region2 2 89251897 89264421
Region2 2 89264421 89264432
Region2 2 89264432 89264447
Region2 2 89264447 89264476
Region2 2 89264476 89264489
Region2 2 89264489 89264496
Region2 2 89264496 89264518
Region2 2 89265036 89265046
Region2 2 89265047 89265060
Region2 2 89265060 89265063
Region2 2 89265072 89265077
Region2 2 89265078 89265091
Region2 2 89265091 89265101
Region2 2 89265117 89265268
Region2 2 89265268 89265296
Region2 2 89265296 89265312
Region2 2 89265312 89269280
Region2 2 89270056 89273668
Region2 2 89273668 89279176
Region2 2 89279177 89316394
Region2 2 89316394 89325168
Region2 2 89785647 89785681
Region2 2 89785684 89785765
Region2 2 89785766 89785785
Region2 2 89785792 89785802
Region2 2 89785804 89785809
Region2 2 89785809 89785816
Region2 2 89785828 89785884
Region2 2 89785887 89785909
Region2 2 89785965 89785972
Region2 2 89785984 89785991
Region2 2 89785995 89786030
Region2 2 89786033 89786076
Region2 2 89786079 89786140
Region2 2 89786153 89786162
Region2 2 89786175 89786206
Region2 2 89786213 89786222
Region2 2 89786223 89786227
Region2 2 89786242 89786255
Region2 2 89786258 89786269
Region2 2 89786288 89786292
Region2 2 89786299 89786301
Region2 2 89786301 89786352
Region2 2 89786407 89786475
Region2 2 89786478 89786501
Region2 2 89786527 89786533
Region2 2 89786533 89786632
Region2 2 89786632 89786645
Region2 2 89786652 89786664
Region2 2 89786664 89786667
Region2 2 89786680 89786713
Region2 2 89786724 89786726
Region2 2 89786728 89786739
Region2 2 89786749 89786804
Region2 2 89786804 89786813
Region2 2 89786813 89786853
Region2 2 89786866 89786877
Region2 2 89786890 89786942
Region2 2 89786942 89786955
Region2 2 89786966 89786995
Region2 2 89787016 89787022
Region2 2 89787027 89787101
Region2 2 89787101 89787106
Region2 2 89787115 89787137
Region2 2 89787137 89787199
Region2 2 89787222 89787323
Region2 2 89787323 89787326
Region2 2 89787327 89787428
Region2 2 89787428 89787457
Region2 2 89787477 89787553
Region2 2 89787556 89787601
Region2 2 89787626 89787664
Region2 2 89787669 89787752
Region2 2 89787759 89787761
Region2 2 89787763 89787768
Region2 2 89787774 89787785
Region2 2 89787798 89787853
Region2 2 89787853 89787860
Region2 2 89787876 89787883
Region2 2 89787889 89787921
Region2 2 89787921 89787947
Region2 2 89787947 89788020
Region2 2 89788020 89788032
Region2 2 89788039 89788095
Region2 2 89788097 89788106
Region2 2 89788106 89788109
Region2 2 89788115 89788120
Region2 2 89788127 89788136
Region2 2 89788136 89788171
Region2 2 89788177 89788181
Region2 2 89788201 89788260
Region2 2 89788263 89788292
Region2 2 89788292 89788299
Region2 2 89788304 89788308
Region2 2 89788308 89788343
Region2 2 89788348 89788353
Region2 2 89788387 89788396
Region2 2 89788401 89788405
Region2 2 89788407 89788444
Region2 2 89788445 89788520
Region2 2 89788540 89788560
Region2 2 89788561 89788565
Region2 2 89788565 89788652
Region2 2 89788652 89788657
Region2 2 89788664 89788694
Region2 2 89788694 89788696
Region2 2 89788696 89788735
Region2 2 89788735 89788774
Region2 2 89788774 89788776
Region2 2 89788784 89788843
Region2 2 89788844 89788911
Region2 2 89788924 89788931
Region2 2 89788944 89788955
Region2 2 89788981 89789010
Region2 2 89789013 89789118
Region2 2 89789190 89790840
Region2 2 89790847 89790857
Region2 2 89790863 89790873
Region2 2 89790873 89790904
Region2 2 89790904 89790905
Region2 2 89790916 89790928
Region2 2 89790935 89790948
Region2 2 89790956 89790963
Region2 2 89790965 89790975
Region2 2 89790978 89790999
Region2 2 89791002 89791019
Region2 2 89791019 89791026
Region2 2 89791029 89791048
Region2 2 89791048 89791095
Region2 2 89791095 89791183
Region2 2 89791186 89791190
Region2 2 89791190 89791230
Region2 2 89791230 89791232
Region2 2 89791236 89791242
Region2 2 89791242 89791312
Region2 2 89796406 89796427
Region2 2 89796440 89796450
Region2 2 89796463 89796485
Region2 2 89796490 89796496
Region2 2 89796496 89796566
Region2 2 89796567 89796571
Region2 2 89796571 89796623
Region2 2 89796644 89796654
Region2 2 89796670 89796679
Region2 2 89796679 89796688
Region2 2 89796691 89796721
Region2 2 89796724 89796746
Region2 2 89796759 89796767
Region2 2 89796778 89796791
Region2 2 89796793 89796815
Region2 2 89796818 89796825
Region2 2 89796825 89796848
Region2 2 89796851 89796900
Region2 2 89796903 89796915
Region2 2 89796936 89796945
Region2 2 89796950 89797080
Region2 2 89797083 89797085
Region2 2 89797085 89797119
Region2 2 89797142 89797182
Region2 2 89797195 89797207
Region2 2 89797207 89797213
Region2 2 89797213 89797252
Region2 2 89797252 89797254
Region2 2 89797255 89797341
Region2 2 89797348 89797358
Region2 2 89797361 89797367
Region2 2 89797372 89797377
Region2 2 89797382 89797439
Region2 2 89797442 89797453
Region2 2 89797453 89797465
Region2 2 89797468 89797484
Region2 2 89797486 89797577
Region2 2 89797577 89797588
Region2 2 89797611 89797614
Region2 2 89797633 89797708
Region2 2 89797737 89797753
Region2 2 89797753 89797788
Region2 2 89797798 89797806
Region2 2 89797809 89797819
Region2 2 89797829 89797874
Region2 2 89797874 89797875
Region2 2 89797879 89797890
Region2 2 89797903 89797917
Region2 2 89797924 89797953
Region2 2 89797953 89799308
Region2 2 89799308 90031920
Region2 2 90031920 90033782
Region2 2 90033782 90033856
Region2 2 90033856 90047428
Region2 2 90047428 90051605
Region2 2 90051605 90061454
Region2 2 90061458 90105747
Region2 2 90105747 90108069
Region2 2 90108069 90111985
Region2 2 90111987 90112796
Region2 2 90112796 90120726
Region2 2 90120732 90126158
Region2 2 90126159 90132451
Region2 2 90132452 90136091
Region2 2 90136091 90142707
Region2 2 90142707 90148742
Region2 2 90148745 90153261
Region2 2 90166524 90167106
Region2 2 90167106 90167682
Region2 2 90167682 90167807
Region2 2 90167807 90170570
Region2 2 90170586 90188591
Region2 2 90188591 90188749
Region2 2 90188750 90192090
Region2 2 90192090 90194147
Region2 2 90194147 90201705
Region2 2 90201705 90203902
Region2 2 90203902 90207070
Region2 2 90207071 90234358
Region2 2 90255731 90267712
Region2 2 90267716 90276721
Region2 2 90276721 90402511
Region2 2 90267712 90267716
Region2 2 90234358 90255731
Region2 2 91437561 91438560
Region2 2 91438570 91440730
Region2 2 91440732 91442265
Region2 2 91442266 91442817
Region2 2 91442817 91442948
Region2 2 91442949 91443604
Region2 2 91443605 91444535
Region2 2 91444537 91444927
Region2 2 91444927 91446413
Region2 2 91446415 91446418
Region2 2 91446422 91446481
Region2 2 91446486 91446735
Region2 2 91446740 91446747
Region2 2 91446747 91446770
Region2 2 91446773 91446792
Region2 2 91446794 91446803
Region2 2 91446946 91447580
Region2 2 91451556 91453404
Region2 2 91453406 91453853
Region2 2 91453856 91454947
Region2 2 91454948 91456394
Region2 2 91456396 91460003
Region2 2 91460003 91464763
Region2 2 91464764 91467462
Region2 2 91467463 91468921
Region2 2 91468922 91470536
Region2 2 91470536 91470904
Region2 2 91470904 91474490
Region2 2 91474493 91474744
Region2 2 91474745 91476810
Region2 2 91476810 91477332
Region2 2 91477333 91477355
Region2 2 91477389 91477398
Region2 2 91477414 91477515
Region2 2 91477516 91477595
Region2 2 91477598 91477600
Region2 2 91477600 91477633
Region2 2 91477633 91477717
Region2 2 91477718 91478120
Region2 2 91478123 91478412
Region2 2 91478412 91478474
Region2 2 91478500 91478503
Region2 2 91478534 91478571
Region2 2 91478589 91478613
Region2 2 91478631 91478650
Region2 2 91478673 91478691
Region2 2 91478691 91478704
Region2 2 91478719 91478721
Region2 2 91478728 91478770
Region2 2 91478792 91478814
Region2 2 91478822 91478835
Region2 2 91478836 91478873
Region2 2 91478877 91478885
Region2 2 91478886 91478918
Region2 2 91478925 91478926
Region2 2 91478926 91478948
Region2 2 91478948 91478968
Region2 2 91479036 91479189
Region2 2 91479252 91479453
Region2 2 91479453 91479687
Region2 2 91479687 91479871
Region2 2 91479872 91482042
Region2 2 91482042 91482783
Region2 2 91492791 91493973
Region2 2 91493975 91495586
Region2 2 91495586 91495810
Region2 2 91500790 91500793
Region2 2 91500793 91500816
Region2 2 91500816 91500828
Region2 2 91500828 91500835
Region2 2 91500836 91500854
Region2 2 91500855 91500897
Region2 2 91500897 91500923
Region2 2 91500932 91500941
Region2 2 91500941 91500966
Region2 2 91500966 91501296
Region2 2 91501298 91501515
Region2 2 91501516 91501759
Region2 2 91501768 91501792
Region2 2 91501796 91501825
Region2 2 91501825 91502031
Region2 2 91502033 91502073
Region2 2 91502074 91502231
Region2 2 91502232 91502283
Region2 2 91502283 91502507
Region2 2 91502507 91502560
Region2 2 91502560 91502609
Region2 2 91502609 91502734
Region2 2 91502734 91502739
Region2 2 91502739 91502761
Region2 2 91502761 91502764
Region2 2 91502771 91502899
Region2 2 91502899 91502943
Region2 2 91527081 91527091
Region2 2 91527096 91527129
Region2 2 91527129 91527179
Region2 2 91527179 91527204
Region2 2 91527204 91527262
Region2 2 91527262 91527299
Region2 2 91527304 91527320
Region2 2 91527320 91527322
Region2 2 91527325 91527358
Region2 2 91527367 91527379
Region2 2 91527379 91527384
Region2 2 91527387 91527397
Region2 2 91527397 91527411
Region2 2 91527428 91527443
Region2 2 91527443 91527453
Region2 2 91527462 91527504
Region2 2 91527538 91527576
Region2 2 91527576 91527584
Region2 2 91527592 91527603
Region2 2 91527625 91527679
Region2 2 91527718 91527731
Region2 2 91527733 91527758
Region2 2 91527766 91527781
Region2 2 91527793 91527802
Region2 2 91527802 91527849
Region2 2 91527862 91527879
Region2 2 91527897 91527950
Region2 2 91527957 91527959
Region2 2 91527961 91528002
Region2 2 91528007 91528030
Region2 2 91528050 91528053
Region2 2 91528053 91528071
Region2 2 91528076 91528083
Region2 2 91528088 91528103
Region2 2 91528107 91528116
Region2 2 91528147 91528162
Region2 2 91528167 91528178
Region2 2 91528182 91528201
Region2 2 91528202 91528354
Region2 2 91528354 91528428
Region2 2 91528428 91528446
Region2 2 91528446 91528470
Region2 2 91528477 91528744
Region2 2 91528796 91529039
Region2 2 91529042 91530794
Region2 2 91530796 91531019
Region2 2 91531019 91531097
Region2 2 91531102 91531280
Region2 2 91531281 91531457
Region2 2 91531459 91531742
Region2 2 91531748 91535585
Region2 2 91535586 91535795
Region2 2 91535795 91536248
Region2 2 91536253 91536434
Region2 2 91536434 91536436
Region2 2 91536437 91538621
Region2 2 91538621 91538673
Region2 2 91538674 91538743
Region2 2 91544300 91546107
Region2 2 91546183 91546296
Region2 2 91546296 91548273
Region2 2 91548273 91548913
Region2 2 91548918 91548974
Region2 2 91548975 91549615
Region2 2 91549618 91550226
Region2 2 91550226 91552002
Region2 2 91556981 91558817
Region2 2 91558817 91558928
Region2 2 91558928 91558964
Region2 2 91558964 91559320
Region2 2 91559320 91559507
Region2 2 91559507 91559926
Region2 2 91559931 91560110
Region2 2 91560110 91560481
Region2 2 91560481 91560899
Region2 2 91560899 91560974
Region2 2 91560974 91560984
Region2 2 91560986 91561030
Region2 2 91561030 91561514
Region2 2 91561514 91562467
Region2 2 91562468 91562763
Region2 2 91562763 91562829
Region2 2 91562830 91566676
Region2 2 91566677 91566716
Region2 2 91571703 91572028
Region2 2 91572029 91574502
Region2 2 91574503 91575839
Region2 2 91575839 91576863
Region2 2 91576863 91577115
Region2 2 91577116 91577367
Region2 2 91577378 91578671
Region2 2 91578673 91582576
Region2 2 91582576 91583960
Region2 2 91583960 91584986
Region2 2 91584996 91585010
Region2 2 91585014 91585867
Region2 2 91585867 91585872
Region2 2 91585872 91586891
Region2 2 91586899 91586951
Region2 2 91586955 91589618
Region2 2 91589618 91589801
Region2 2 91589801 91590056
Region2 2 91590058 91590389
Region2 2 91590390 91590724
Region2 2 91590735 91590781
Region2 2 91590791 91593065
Region2 2 91593069 91596083
Region2 2 91596083 91596197
Region2 2 91596201 91597531
Region2 2 91597531 91599790
Region2 2 91599790 91600202
Region2 2 91600204 92138145
Region2 2 94660446 94686954
Region2 2 94686954 94695542
Region2 2 94695542 94698168
Region2 2 94698170 94698964
Region2 2 94698968 94702020
Region2 2 94702021 94706998
Region2 2 94706998 94718663
Region2 2 94718663 94723100
Region2 2 94723108 95181301
Region2 2 95181301 96115249
Region2 2 96115258 96158249
Region2 2 96158250 96410045
Region2 2 96410046 97285797
Region2 2 97389066 97422164
Region2 2 97319439 97321765
Region2 2 97376739 97386739
Region2 2 97331766 97342573
Region2 2 97342574 97365932
Region2 2 97365932 97376739
Region2 2 97321766 97331766
Region2 2 97386739 97389065
Region2 2 97293491 97319439
Region2 2 97293326 97293339
Region2 2 97293319 97293326
Region2 2 97293290 97293317
Region2 2 97293287 97293290
Region2 2 97289716 97293286
Region2 2 97287934 97289716
Region2 2 97422164 97425362
Region2 2 97425376 97428507
Region2 2 97428508 97429022
Region2 2 97429022 97438615
Region2 2 97438661 97439451
Region2 2 97439451 97439618
Region2 2 97490655 97492442
Region2 2 97492443 97500850
Region2 2 97500851 99405215
Region2 2 99405216 99883538
Region3 2 133742428 134570795
Region3 2 134570796 137242430
Region4 2 182135272 182835320
Region4 2 182835320 183727242
Region4 2 183727243 188800569
Region4 2 188800570 189135274
Region5 3 47458509 48386955
Region5 3 48386955 48387452
Region5 3 48387452 48387562
Region5 3 48387566 48391124
Region5 3 48391135 48392030
Region5 3 48392030 48392472
Region5 3 48392475 48393001
Region5 3 48393012 48393796
Region5 3 48393796 48396741
Region5 3 48396741 48397422
Region5 3 48397423 48398794
Region5 3 48398794 48400351
Region5 3 48400413 48409305
Region5 3 48409305 48409893
Region5 3 48409893 48431613
Region5 3 48431613 48441499
Region5 3 48441499 48442031
Region5 3 48442032 48442278
Region5 3 48442279 48443264
Region5 3 48443265 48445187
Region5 3 48445191 48448181
Region5 3 48448181 48449437
Region5 3 48449437 48452889
Region5 3 48452895 48458336
Region5 3 48458337 48471419
Region5 3 48471419 48471578
Region5 3 48471578 48481441
Region5 3 48481441 48483722
Region5 3 48483770 48484277
Region5 3 48484277 48486260
Region5 3 48486287 48486296
Region5 3 48486350 48486368
Region5 3 48486406 48489195
Region5 3 48489196 48492150
Region5 3 48492150 48492467
Region5 3 48492471 48492482
Region5 3 48496300 48497899
Region5 3 48497899 48499864
Region5 3 48499865 49962567
Region6 3 83450848 85110704
Region6 3 85110705 86950850
Region7 3 88950849 90455704
Region7 3 93786010 97781156
Region8 5 44499897 46405539
Region8 5 50109807 51204166
Region9 5 98664295 101164296
Region10 5 129664306 132360109
Region10 5 132360110 132664308
Region11 5 136164310 136177396
Region11 5 136177397 136416254
Region11 5 136416254 139164311
Region12 6 24999771 26694990
Region12 6 26801626 26806678
Region12 6 26700041 26726325
Region12 6 26726385 26726671
Region12 6 26726672 26726734
Region12 6 26726735 26726749
Region12 6 26726769 26727019
Region12 6 26727030 26727087
Region12 6 26751343 26770265
Region12 6 26751281 26751343
Region12 6 26751270 26751281
Region12 6 26748402 26751270
Region12 6 26748059 26748381
Region12 6 26741799 26748059
Region12 6 26733914 26741799
Region12 6 26770265 26791803
Region12 6 26791803 26791813
Region12 6 26791814 26791901
Region12 6 26791901 26791944
Region12 6 26824399 26826720
Region12 6 26826720 26826763
Region12 6 26826763 26826773
Region12 6 26826774 26827034
Region12 6 26827034 26827256
Region12 6 26827257 26827350
Region12 6 26827350 26827714
Region12 6 26827715 26827985
Region12 6 26827991 26828162
Region12 6 26828172 26828187
Region12 6 26828193 26828213
Region12 6 26828213 27798267
Region12 6 27798268 28272155
Region12 6 28272156 35032223
Region13 6 57135201 57449355
Region13 6 57449358 57449655
Region13 6 57449656 57450826
Region13 6 57450831 57451115
Region13 6 57451115 57451117
Region13 6 57451118 57451132
Region13 6 57451132 57451143
Region13 6 57451148 57451494
Region13 6 57451495 57451720
Region13 6 57451722 57451790
Region13 6 57451794 57451804
Region13 6 57451805 57452117
Region13 6 57452118 57452317
Region13 6 57452317 57452778
Region13 6 57452779 57453938
Region13 6 57453941 57454421
Region13 6 57454422 57454564
Region13 6 57454564 57454763
Region13 6 57454764 57455915
Region13 6 57455915 57456160
Region13 6 57456160 57456690
Region13 6 57456692 57456864
Region13 6 57456865 57457978
Region13 6 57457978 57458242
Region13 6 57458242 57459120
Region13 6 57459121 57459713
Region13 6 57459713 57460156
Region13 6 57460158 57460267
Region13 6 57460267 57460364
Region13 6 57460365 57460616
Region13 6 57460619 57461017
Region13 6 57461018 57462850
Region13 6 57462851 57462912
Region13 6 57462913 57465821
Region13 6 57465822 57465842
Region13 6 57465843 57466616
Region13 6 57466620 57466854
Region13 6 57466920 57467119
Region13 6 57467121 57467776
Region13 6 57467777 57468270
Region13 6 57468271 57469320
Region13 6 57469320 57470142
Region13 6 57470142 57470145
Region13 6 57470145 57470404
Region13 6 57470405 57470419
Region13 6 57470420 57470435
Region13 6 57470435 57470450
Region13 6 57470450 57470884
Region13 6 57470888 57471089
Region13 6 57471090 57471781
Region13 6 57471782 57471995
Region13 6 57471995 57472408
Region13 6 57472408 57473890
Region13 6 57473896 57474173
Region13 6 57474184 57474205
Region13 6 57474205 57474348
Region13 6 57474348 57474396
Region13 6 57474396 57474638
Region13 6 57474638 57475011
Region13 6 57475011 57475792
Region13 6 57475792 57476005
Region13 6 57476008 57476184
Region13 6 57476185 57476204
Region13 6 57476204 57476583
Region13 6 57476583 57478320
Region13 6 57478322 57479354
Region13 6 57479355 57479476
Region13 6 57479476 57479492
Region13 6 57479493 57480211
Region13 6 57480216 57481056
Region13 6 57481056 57481468
Region13 6 57481468 57481594
Region13 6 57481594 57481912
Region13 6 57481913 57482158
Region13 6 57482161 57482411
Region13 6 57482411 57482588
Region13 6 57482588 57482909
Region13 6 57482911 57483209
Region13 6 57483210 57486293
Region13 6 57486293 57487342
Region13 6 57487342 57487971
Region13 6 57487971 57488736
Region13 6 57488736 57489021
Region13 6 57489023 57489408
Region13 6 57489409 57489508
Region13 6 57489508 57489547
Region13 6 57489548 57489558
Region13 6 57489558 57489923
Region13 6 57489932 57492558
Region13 6 57492558 57492572
Region13 6 57492572 57492942
Region13 6 57492945 57493037
Region13 6 57493037 57493054
Region13 6 57493057 57493128
Region13 6 57493132 57493216
Region13 6 57493218 57493425
Region13 6 57493428 57493512
Region13 6 57493513 57493515
Region13 6 57493515 57493520
Region13 6 57493520 57494007
Region13 6 57494008 57494789
Region13 6 57494796 57494867
Region13 6 57494868 57494999
Region13 6 57495004 57495306
Region13 6 57495306 57495698
Region13 6 57495698 57495915
Region13 6 57495915 57496428
Region13 6 57496428 57496834
Region13 6 57496835 57498008
Region13 6 57498011 57498067
Region13 6 57498074 57498596
Region13 6 57498596 57499342
Region13 6 57499349 57499369
Region13 6 57499369 57499444
Region13 6 57499445 57499799
Region13 6 57499799 57501242
Region13 6 57501242 57501298
Region13 6 57501298 57501777
Region13 6 57501777 57503755
Region13 6 57503755 57504329
Region13 6 57504329 57504430
Region13 6 57504431 57504704
Region13 6 57504704 57505461
Region13 6 57505461 57506167
Region13 6 57506167 57506203
Region13 6 57506207 57506382
Region13 6 57506386 57507555
Region13 6 57507556 57507623
Region13 6 57507623 57507625
Region13 6 57507629 57507929
Region13 6 57507929 57508177
Region13 6 57508178 57508248
Region13 6 57508248 57509773
Region13 6 57509773 57509896
Region13 6 57509896 57510292
Region13 6 57510293 57510638
Region13 6 57510641 57510759
Region13 6 57510760 57512597
Region13 6 57512597 57512626
Region13 6 57512630 57513855
Region13 6 57513855 57514557
Region13 6 57514559 57515130
Region13 6 57515130 57515216
Region13 6 57515216 57515877
Region13 6 57515879 57516546
Region13 6 57516546 57516649
Region13 6 57516650 57516671
Region13 6 57516671 57516790
Region13 6 57516790 57517240
Region13 6 57517240 57517905
Region13 6 57517907 57519266
Region13 6 57519266 57520900
Region13 6 57520906 57521179
Region13 6 57521179 57521367
Region13 6 57521376 57522192
Region13 6 57522208 57522257
Region13 6 57522258 57523186
Region13 6 57523186 57524706
Region13 6 57524706 57525544
Region13 6 57525544 57525550
Region13 6 57525556 57526011
Region13 6 57526011 57526597
Region13 6 57526598 57527220
Region13 6 57531463 57532636
Region13 6 57532637 57534944
Region13 6 57534944 57535872
Region13 6 57535872 57535883
Region13 6 57535884 57536056
Region13 6 57536065 57536649
Region13 6 57536649 57537173
Region13 6 57537174 57537336
Region13 6 57537336 57537425
Region13 6 57537426 57537693
Region13 6 57537694 57538036
Region13 6 57538046 57539564
Region13 6 57539612 57539644
Region13 6 57539670 57540123
Region13 6 57540123 57540277
Region13 6 57540277 57541580
Region13 6 57541580 57541964
Region13 6 57541972 57542349
Region13 6 57542356 57542573
Region13 6 57542574 57542630
Region13 6 57542632 57542935
Region13 6 57543238 57543759
Region13 6 57543760 57543851
Region13 6 57543851 57545322
Region13 6 57545322 57546855
Region13 6 57546855 57547255
Region13 6 57547255 57547281
Region13 6 57547282 57547628
Region13 6 57547628 57547797
Region13 6 57547797 57548936
Region13 6 57548937 57549188
Region13 6 57549192 57550139
Region13 6 57550142 57551062
Region13 6 57551062 57551679
Region13 6 57551682 57552722
Region13 6 57552724 57553547
Region13 6 57553548 57553592
Region13 6 57553594 57554719
Region13 6 57554720 57555041
Region13 6 57555042 57555096
Region13 6 57555097 57555607
Region13 6 57555608 57556533
Region13 6 57556534 57556777
Region13 6 57556777 57557771
Region13 6 57557771 57558660
Region13 6 57558662 57558778
Region13 6 57558778 57558986
Region13 6 57558994 57559135
Region13 6 57559136 57559780
Region13 6 57559786 57561227
Region13 6 57561227 57561236
Region13 6 57561246 57561536
Region13 6 57561537 57561539
Region13 6 57561539 57561761
Region13 6 57561762 57562782
Region13 6 57562782 57562840
Region13 6 57562848 57563181
Region13 6 57563181 57563297
Region13 6 57563297 57565070
Region13 6 57565070 57565102
Region13 6 57565105 57565128
Region13 6 57565131 57565797
Region13 6 57565798 57565982
Region13 6 57565984 57565995
Region13 6 57565995 57566059
Region13 6 57566061 57566119
Region13 6 57566127 57566173
Region13 6 57566175 57567168
Region13 6 57567168 57567687
Region13 6 57567687 57567975
Region13 6 57567979 57568089
Region13 6 57568091 57568356
Region13 6 57568358 57568908
Region13 6 57568910 57569190
Region13 6 57569192 57569263
Region13 6 57569265 57569754
Region13 6 57569755 57570020
Region13 6 57570020 57570558
Region13 6 57570558 57571446
Region13 6 57571447 57571659
Region13 6 57571659 57572081
Region13 6 57572081 57572517
Region13 6 57572518 57573183
Region13 6 57573186 57573414
Region13 6 57573414 57574546
Region13 6 57574546 57575230
Region13 6 57575230 57575644
Region13 6 57575647 57576127
Region13 6 57576138 57576140
Region13 6 57576155 57576784
Region13 6 57576784 57576795
Region13 6 57576797 57576832
Region13 6 57576834 57577766
Region13 6 57577766 57577993
Region13 6 57577993 57578669
Region13 6 57578994 57579108
Region13 6 57579108 57579169
Region13 6 57579171 57579646
Region13 6 57579646 57580965
Region13 6 57580965 57581536
Region13 6 57581536 57582129
Region13 6 57582129 57582779
Region13 6 57582785 57583175
Region13 6 57583175 57583177
Region13 6 57583181 57583516
Region13 6 57583516 57584045
Region13 6 57584045 57584153
Region13 6 57584158 57584471
Region13 6 57584471 57586083
Region13 6 57586088 57586091
Region13 6 57586091 57586510
Region13 6 57586510 57587646
Region13 6 57587647 57587683
Region13 6 57587694 57589559
Region13 6 57589563 57591417
Region13 6 57591418 57592652
Region13 6 57592652 57592800
Region13 6 57592800 57593312
Region13 6 57593312 57593323
Region13 6 57593324 57593746
Region13 6 57593750 57595628
Region13 6 57595629 57598027
Region13 6 57598036 57598297
Region13 6 57598297 57598379
Region13 6 57598379 57598942
Region13 6 57599254 57599779
Region13 6 57599780 57600371
Region13 6 57600371 57600537
Region13 6 57600537 57600848
Region13 6 57600849 57602072
Region13 6 57602076 57602140
Region13 6 57602140 57603437
Region13 6 57603437 57604284
Region13 6 57604285 57604700
Region13 6 57604708 57605193
Region13 6 57605194 57605431
Region13 6 57605431 57605691
Region13 6 57605691 57606117
Region13 6 57606117 57607722
Region13 6 57607722 57608098
Region13 6 57608098 57608294
Region13 6 57608295 57608433
Region13 6 57608435 57608632
Region13 6 57608632 57610068
Region13 6 57610069 57610305
Region13 6 57610309 57610310
Region13 6 57610310 57610505
Region13 6 57610505 57610818
Region13 6 57610819 57611153
Region13 6 57611159 57611355
Region13 6 57611356 57612174
Region13 6 57612174 57612809
Region13 6 57612809 57613256
Region13 6 57613256 57613833
Region13 6 57613839 57614156
Region13 6 57614156 57614869
Region13 6 57614869 57615048
Region13 6 57615048 57615420
Region13 6 57615420 57618536
Region13 6 57618536 57619777
Region13 6 57619779 57621081
Region13 6 57621081 57621123
Region13 6 57621124 57621473
Region13 6 57621474 57622436
Region13 6 57622437 57622592
Region13 6 57622592 57622894
Region13 6 57622894 57622974
Region13 6 57622974 57623474
Region13 6 57623476 57623684
Region13 6 57623684 57623925
Region13 6 57623937 57624408
Region13 6 57624409 57626036
Region13 6 57626036 57626523
Region13 6 57626525 57626576
Region13 6 57626576 57626622
Region13 6 57626628 57627272
Region13 6 57627274 57627293
Region13 6 57627308 57628163
Region13 6 57628164 57630255
Region13 6 57630256 57630882
Region13 6 57630883 57631064
Region13 6 57631066 57631122
Region13 6 57631122 57632208
Region13 6 57632209 57633208
Region13 6 57633209 57634865
Region13 6 57634870 57635355
Region13 6 57635355 57636138
Region13 6 57636138 57636170
Region13 6 57636170 57636425
Region13 6 57636425 57637285
Region13 6 57637285 57637506
Region13 6 57637506 57637633
Region13 6 57637633 57637779
Region13 6 57637779 57638576
Region13 6 57638576 57638789
Region13 6 57638791 57638797
Region13 6 57638797 57639046
Region13 6 57639046 57639304
Region13 6 57639304 57639488
Region13 6 57639492 57639615
Region13 6 57639615 57639751
Region13 6 57639754 57640593
Region13 6 57640593 57640868
Region13 6 57640868 57640949
Region13 6 57640949 57641528
Region13 6 57641528 57641620
Region13 6 57641622 57642226
Region13 6 57642226 57642237
Region13 6 57642237 57642259
Region13 6 57642259 57642419
Region13 6 57642740 57642976
Region13 6 57642976 57643042
Region13 6 57643042 57643137
Region13 6 57643145 57643631
Region13 6 57643632 57643695
Region13 6 57643695 57643724
Region13 6 57643724 57644098
Region13 6 57644100 57644481
Region13 6 57644483 57645301
Region13 6 57645305 57645351
Region13 6 57645371 57646244
Region13 6 57646255 57646260
Region13 6 57646260 57646388
Region13 6 57646389 57646396
Region13 6 57646398 57646521
Region13 6 57646524 57646610
Region13 6 57646614 57647030
Region13 6 57647043 57647310
Region13 6 57647315 57647770
Region13 6 57647772 57647921
Region13 6 57647925 57648112
Region13 6 57648115 57648128
Region13 6 57648128 57648223
Region13 6 57648226 57648569
Region13 6 57648569 57648643
Region13 6 57648643 57648835
Region13 6 57648840 57649325
Region13 6 57649325 57649424
Region13 6 57649424 57649563
Region13 6 57649563 57649707
Region13 6 57649707 57650358
Region13 6 57650361 57650512
Region13 6 57650516 57650565
Region13 6 57650565 57650750
Region13 6 57650750 57651866
Region13 6 57651870 57652985
Region13 6 57652985 57653119
Region13 6 57653119 57653629
Region13 6 57653629 57653652
Region13 6 57653652 57654262
Region13 6 57654268 57654413
Region13 6 57654413 57654449
Region13 6 57654449 57655392
Region13 6 57655396 57655511
Region13 6 57655516 57656504
Region13 6 57656504 57657095
Region13 6 57657095 57657789
Region13 6 57657789 57658126
Region13 6 57658127 57658154
Region13 6 57658154 57658309
Region13 6 57658311 57658604
Region13 6 57658605 57659223
Region13 6 57659224 57659826
Region13 6 57659827 57660830
Region13 6 57660831 57661163
Region13 6 57661163 57661986
Region13 6 57661986 57662698
Region13 6 57662699 57663207
Region13 6 57663207 57663232
Region13 6 57663236 57663263
Region13 6 57663266 57663278
Region13 6 57663313 57663316
Region13 6 57663316 57663343
Region13 6 57663375 57663406
Region13 6 57663406 57663480
Region13 6 57663503 57663506
Region13 6 57663510 57663526
Region13 6 57663540 57663547
Region13 6 57663549 57663561
Region13 6 57663606 57663633
Region13 6 57663651 57663664
Region13 6 57663682 57663702
Region13 6 57663712 57663733
Region13 6 57663733 57663886
Region13 6 57663886 57663896
Region13 6 57663896 57663922
Region13 6 57663922 57663986
Region13 6 57663988 57664003
Region13 6 57664003 57664043
Region13 6 57664077 57664290
Region13 6 57664295 57665445
Region13 6 57665448 57666398
Region13 6 57666398 57666580
Region13 6 57666581 57666590
Region13 6 57666591 57666600
Region13 6 57666603 57666608
Region13 6 57666628 57666637
Region13 6 57666644 57666668
Region13 6 57666669 57666682
Region13 6 57666701 57666740
Region13 6 57666747 57666750
Region13 6 57666750 57666754
Region13 6 57666758 57666764
Region13 6 57666767 57666776
Region13 6 57666780 57666803
Region13 6 57666814 57666819
Region13 6 57666819 57666843
Region13 6 57666844 57666855
Region13 6 57666861 57666869
Region13 6 57666881 57666888
Region13 6 57666580 57666581
Region13 6 57666590 57666591
Region13 6 57666600 57666603
Region13 6 57666608 57666628
Region13 6 57666637 57666644
Region13 6 57666668 57666669
Region13 6 57666682 57666683
Region13 6 57666683 57666701
Region13 6 57666740 57666747
Region13 6 57666754 57666757
Region13 6 57666764 57666765
Region13 6 57666776 57666780
Region13 6 57666803 57666814
Region13 6 57666843 57666844
Region13 6 57666855 57666861
Region13 6 57666869 57666881
Region13 6 57666888 57667047
Region13 6 57667077 57667454
Region13 6 57667454 57667580
Region13 6 57667584 57667792
Region13 6 57667807 57667848
Region13 6 57667852 57667900
Region13 6 57667900 57668794
Region13 6 57668796 57668807
Region13 6 57668807 57668811
Region13 6 57668812 57669268
Region13 6 57669272 57670359
Region13 6 57670363 57670493
Region13 6 57670493 57671593
Region13 6 57671593 57671690
Region13 6 57671690 57672383
Region13 6 57672383 57672826
Region13 6 57672834 57672953
Region13 6 57672953 57673202
Region13 6 57673203 57673334
Region13 6 57673335 57673813
Region13 6 57673813 57674809
Region13 6 57674809 57674962
Region13 6 57674966 57675020
Region13 6 57675024 57675045
Region13 6 57675046 57675386
Region13 6 57675386 57675464
Region13 6 57675464 57676132
Region13 6 57676132 57676394
Region13 6 57676397 57676804
Region13 6 57676804 57676953
Region13 6 57676953 57677024
Region13 6 57677024 57677392
Region13 6 57677395 57677887
Region13 6 57677887 57677978
Region13 6 57677978 57677982
Region13 6 57677984 57678349
Region13 6 57678353 57678789
Region13 6 57678792 57680476
Region13 6 57680476 57681082
Region13 6 57681082 57681819
Region13 6 57681819 57681880
Region13 6 57681880 57682361
Region13 6 57682363 57682773
Region13 6 57682780 57682795
Region13 6 57682795 57682846
Region13 6 57682846 57683704
Region13 6 57683704 57683811
Region13 6 57683811 57684198
Region13 6 57684198 57684808
Region13 6 57684808 57685245
Region13 6 57685248 57685625
Region13 6 57685626 57685643
Region13 6 57685643 57685652
Region13 6 57685655 57685821
Region13 6 57685821 57686218
Region13 6 57686230 57686349
Region13 6 57686349 57686462
Region13 6 57686462 57687295
Region13 6 57687296 57687329
Region13 6 57687329 57687853
Region13 6 57687855 57688091
Region13 6 57688091 57691174
Region13 6 57691174 57691413
Region13 6 57691413 57691803
Region13 6 57691803 57691920
Region13 6 57691925 57691988
Region13 6 57691988 57692379
Region13 6 57692379 57692587
Region13 6 57692588 57692599
Region13 6 57692603 57692796
Region13 6 57692796 57692802
Region13 6 57692807 57692991
Region13 6 57692992 57693045
Region13 6 57693045 57693087
Region13 6 57693087 57693234
Region13 6 57693234 57693788
Region13 6 57693788 57693909
Region13 6 57693909 57694117
Region13 6 57694117 57694495
Region13 6 57694508 57694541
Region13 6 57694541 57694682
Region13 6 57694682 57694849
Region13 6 57694849 57694955
Region13 6 57694955 57695110
Region13 6 57695110 57696154
Region13 6 57696154 57696384
Region13 6 57696386 57696765
Region13 6 57696765 57696773
Region13 6 57696773 57696781
Region13 6 57696781 57697292
Region13 6 57697294 57697309
Region13 6 57697310 57697471
Region13 6 57697472 57697503
Region13 6 57697503 57697519
Region13 6 57697519 57698271
Region13 6 57698271 57698641
Region13 6 57698646 57698928
Region13 6 57698928 57700563
Region13 6 57700564 57701283
Region13 6 57701285 57701370
Region13 6 57701374 57701457
Region13 6 57701457 57702763
Region13 6 57702764 57704392
Region13 6 57704393 57704836
Region13 6 57704836 57705439
Region13 6 57705439 57705442
Region13 6 57705449 57705835
Region13 6 57705835 57706150
Region13 6 57706150 57706225
Region13 6 57706226 57706400
Region13 6 57706401 57706583
Region13 6 57706583 57708347
Region13 6 57708347 57708545
Region13 6 57708546 57708745
Region13 6 57663232 57663236
Region13 6 57663263 57663266
Region13 6 57663278 57663313
Region13 6 57663343 57663375
Region13 6 57663480 57663503
Region13 6 57663526 57663540
Region13 6 57663561 57663600
Region13 6 57663633 57663644
Region13 6 57663664 57663679
Region13 6 57788603 57791870
Region13 6 57791870 57791923
Region13 6 57791926 57791954
Region13 6 57791960 57791995
Region13 6 57792001 57797613
Region13 6 57820376 57825819
Region13 6 57825822 58453888
Region13 6 61319103 61319147
Region13 6 61319099 61319102
Region13 6 61319081 61319099
Region13 6 61319079 61319081
Region13 6 61319049 61319076
Region13 6 61319033 61319037
Region13 6 61319026 61319029
Region13 6 61319019 61319024
Region13 6 61319012 61319015
Region13 6 61319005 61319010
Region13 6 61318981 61319005
Region13 6 61318977 61318981
Region13 6 61318971 61318976
Region13 6 61318885 61318967
Region13 6 61318877 61318883
Region13 6 61318754 61318877
Region13 6 61318751 61318752
Region13 6 61318736 61318751
Region13 6 61318668 61318736
Region13 6 61318662 61318664
Region13 6 61318568 61318662
Region13 6 61318563 61318568
Region13 6 61318478 61318550
Region13 6 61318475 61318478
Region13 6 61318465 61318468
Region13 6 61318372 61318465
Region13 6 61318317 61318372
Region13 6 61318316 61318317
Region13 6 61318205 61318311
Region13 6 61318196 61318205
Region13 6 61318164 61318191
Region13 6 61318152 61318156
Region13 6 61318145 61318151
Region13 6 61318082 61318145
Region13 6 61318067 61318081
Region13 6 61317990 61318067
Region13 6 61317979 61317983
Region13 6 61317884 61317979
Region13 6 61317882 61317884
Region13 6 61317829 61317880
Region13 6 61317794 61317828
Region13 6 61317739 61317792
Region13 6 61317733 61317739
Region13 6 61317642 61317732
Region13 6 61317629 61317636
Region13 6 61317626 61317627
Region13 6 61317588 61317626
Region13 6 61317472 61317586
Region13 6 61317468 61317470
Region13 6 61317397 61317461
Region13 6 61317195 61317397
Region13 6 61317176 61317194
Region13 6 61317172 61317176
Region13 6 61317160 61317172
Region13 6 61317108 61317139
Region13 6 61317098 61317108
Region13 6 61317093 61317098
Region13 6 61316904 61317092
Region13 6 61316813 61316904
Region13 6 61316812 61316813
Region13 6 61316793 61316810
Region13 6 61316782 61316793
Region13 6 61316709 61316781
Region13 6 61316700 61316705
Region13 6 61316695 61316700
Region13 6 61316661 61316695
Region13 6 61316656 61316661
Region13 6 61316630 61316648
Region13 6 61316618 61316621
Region13 6 61316579 61316618
Region13 6 61316524 61316579
Region13 6 61316523 61316524
Region13 6 61316490 61316520
Region13 6 61316485 61316490
Region13 6 61316454 61316475
Region13 6 61316452 61316454
Region13 6 61316422 61316446
Region13 6 61316416 61316421
Region13 6 61316402 61316416
Region13 6 61316398 61316402
Region13 6 61316350 61316387
Region13 6 61316341 61316349
Region13 6 61316339 61316341
Region13 6 61316250 61316337
Region13 6 61316243 61316247
Region13 6 61316239 61316243
Region13 6 61316095 61316238
Region13 6 61316020 61316095
Region13 6 61316019 61316020
Region13 6 61316012 61316017
Region13 6 61316002 61316009
Region13 6 61315976 61316001
Region13 6 61315971 61315975
Region13 6 61315929 61315971
Region13 6 61315899 61315929
Region13 6 61315898 61315899
Region13 6 61315803 61315890
Region13 6 61315801 61315803
Region13 6 61315763 61315783
Region13 6 61315760 61315761
Region13 6 61315712 61315760
Region13 6 61315695 61315699
Region13 6 61315658 61315695
Region13 6 61315650 61315658
Region13 6 61315646 61315648
Region13 6 61315631 61315646
Region13 6 61315623 61315631
Region13 6 61315559 61315614
Region13 6 61315556 61315559
Region13 6 61315505 61315554
Region13 6 61315501 61315505
Region13 6 61315386 61315497
Region13 6 61315380 61315386
Region13 6 61315327 61315375
Region13 6 61315313 61315327
Region13 6 61315237 61315313
Region13 6 61315103 61315236
Region13 6 61315102 61315103
Region13 6 61315078 61315097
Region13 6 61315073 61315074
Region13 6 61314966 61315073
Region13 6 61314960 61314961
Region13 6 61314947 61314960
Region13 6 61314943 61314947
Region13 6 61314757 61314931
Region13 6 61314750 61314757
Region13 6 61314732 61314737
Region13 6 61314729 61314730
Region13 6 61314701 61314729
Region13 6 61314700 61314701
Region13 6 61314626 61314698
Region13 6 61314619 61314622
Region13 6 61314587 61314619
Region13 6 61314578 61314580
Region13 6 61314568 61314578
Region13 6 61314567 61314568
Region13 6 61314549 61314564
Region13 6 61314472 61314549
Region13 6 61314450 61314468
Region13 6 61314448 61314450
Region13 6 61314391 61314443
Region13 6 61314390 61314391
Region13 6 61314279 61314386
Region13 6 61314273 61314278
Region13 6 61314260 61314273
Region13 6 61314255 61314260
Region13 6 61314250 61314253
Region13 6 61314228 61314242
Region13 6 61314227 61314228
Region13 6 61314121 61314223
Region13 6 61314051 61314115
Region13 6 61314045 61314051
Region13 6 61313787 61314043
Region13 6 61313756 61313787
Region13 6 61313746 61313754
Region13 6 61313692 61313746
Region13 6 61313563 61313691
Region13 6 61313553 61313563
Region13 6 61313495 61313551
Region13 6 61313491 61313493
Region13 6 61313434 61313491
Region13 6 61313223 61313434
Region13 6 61313218 61313221
Region13 6 61313210 61313218
Region13 6 61313112 61313210
Region13 6 61313073 61313112
Region13 6 61313061 61313073
Region13 6 61313022 61313058
Region13 6 61313011 61313021
Region13 6 61312993 61313011
Region13 6 61312890 61312992
Region13 6 61312789 61312889
Region13 6 61312776 61312780
Region13 6 61312747 61312776
Region13 6 61312673 61312747
Region13 6 61312444 61312672
Region13 6 61312443 61312444
Region13 6 61312426 61312440
Region13 6 61312412 61312425
Region13 6 61312394 61312404
Region13 6 61312373 61312394
Region13 6 61312370 61312372
Region13 6 61312361 61312370
Region13 6 61312338 61312360
Region13 6 61312337 61312338
Region13 6 61312301 61312333
Region13 6 61312208 61312301
Region13 6 61312169 61312208
Region13 6 61312164 61312165
Region13 6 61312101 61312164
Region13 6 61312098 61312100
Region13 6 61312067 61312098
Region13 6 61312056 61312066
Region13 6 61312051 61312052
Region13 6 61311987 61312051
Region13 6 61311983 61311987
Region13 6 61311899 61311982
Region13 6 61311880 61311886
Region13 6 61311872 61311877
Region13 6 61311727 61311872
Region13 6 61311716 61311727
Region13 6 61311712 61311714
Region13 6 61311523 61311712
Region13 6 61311522 61311523
Region13 6 61311477 61311514
Region13 6 61311380 61311472
Region13 6 61311297 61311380
Region13 6 61311261 61311297
Region13 6 61310846 61311260
Region13 6 61310842 61310844
Region13 6 61310832 61310842
Region13 6 61310828 61310830
Region13 6 61310823 61310828
Region13 6 61310821 61310823
Region13 6 61310806 61310819
Region13 6 61310794 61310798
Region13 6 61310791 61310793
Region13 6 61310656 61310791
Region13 6 61310652 61310656
Region13 6 61310644 61310651
Region13 6 61310578 61310643
Region13 6 61310380 61310578
Region13 6 61310293 61310379
Region13 6 61310289 61310291
Region13 6 61310156 61310289
Region13 6 61310069 61310156
Region13 6 61310067 61310069
Region13 6 61309918 61310057
Region13 6 61309911 61309918
Region13 6 61309907 61309911
Region13 6 61309794 61309901
Region13 6 61309694 61309793
Region13 6 61309600 61309694
Region13 6 61309414 61309599
Region13 6 61309348 61309412
Region13 6 61309340 61309348
Region13 6 61309328 61309333
Region13 6 61309322 61309326
Region13 6 61309245 61309315
Region13 6 61309166 61309243
Region13 6 61309154 61309165
Region13 6 61309134 61309154
Region13 6 61309128 61309130
Region13 6 61309111 61309128
Region13 6 61309110 61309111
Region13 6 61309086 61309105
Region13 6 61309084 61309086
Region13 6 61309054 61309079
Region13 6 61309041 61309049
Region13 6 61309037 61309038
Region13 6 61308982 61309037
Region13 6 61308939 61308982
Region13 6 61308933 61308939
Region13 6 61308914 61308931
Region13 6 61308907 61308909
Region13 6 61308827 61308907
Region13 6 61308756 61308827
Region13 6 61308750 61308756
Region13 6 61308663 61308739
Region13 6 61308661 61308663
Region13 6 61308634 61308653
Region13 6 61308633 61308634
Region13 6 61308561 61308628
Region13 6 61308482 61308561
Region13 6 61308428 61308481
Region13 6 61308425 61308428
Region13 6 61308391 61308423
Region13 6 61308366 61308391
Region13 6 61308359 61308366
Region13 6 61308302 61308359
Region13 6 61308177 61308301
Region13 6 61308152 61308176
Region13 6 61308144 61308149
Region13 6 61308140 61308144
Region13 6 61303916 61308136
Region13 6 61300339 61303914
Region13 6 61291122 61300337
Region13 6 61285000 61291122
Region13 6 61276103 61284999
Region13 6 61271539 61276102
Region13 6 61119558 61271539
Region13 6 61119092 61119558
Region13 6 61116592 61119092
Region13 6 61115557 61116589
Region13 6 61114354 61115555
Region13 6 61113143 61114354
Region13 6 61112232 61113142
Region13 6 61110211 61112232
Region13 6 61109122 61110210
Region13 6 61468683 61469097
Region13 6 61469098 63290095
Region14 6 139678862 142178863
Region15 7 54932306 56883093
Region15 7 56883093 56889305
Region15 7 56889305 56893627
Region15 7 56893628 56894161
Region15 7 56894165 56894501
Region15 7 56894503 56897470
Region15 7 56897470 56900850
Region15 7 56900853 56901401
Region15 7 56901404 56904485
Region15 7 56904485 56904977
Region15 7 56904978 56909979
Region15 7 56909979 56911616
Region15 7 56911616 56913438
Region15 7 56913438 56917268
Region15 7 56917269 56917525
Region15 7 56917525 56920432
Region15 7 56920432 56921580
Region15 7 56921580 56922127
Region15 7 56922127 56929039
Region15 7 56929039 56929600
Region15 7 56929600 56929902
Region15 7 56929903 56930948
Region15 7 56930950 56931458
Region15 7 56931459 57396868
Region15 7 57396871 57404119
Region15 7 57404119 57408800
Region15 7 57408800 57410174
Region15 7 57418178 57421881
Region15 7 57421889 57426880
Region15 7 57426880 57428903
Region15 7 57428903 57994625
Region15 7 61071606 61327788
Region15 7 62026104 62126056
Region15 7 62419002 62419785
Region15 7 62419788 62419794
Region15 7 62419794 62419855
Region15 7 62419855 62420110
Region15 7 62420110 62420464
Region15 7 62420464 62420880
Region15 7 62420880 62421176
Region15 7 62421176 62421894
Region15 7 62421894 62422700
Region15 7 62422701 62423073
Region15 7 62423074 62423106
Region15 7 62423107 62423331
Region15 7 62424000 62424879
Region15 7 62424881 62425016
Region15 7 62425016 62425406
Region15 7 62425406 62425637
Region15 7 62425639 62425777
Region15 7 62425777 62425793
Region15 7 62425796 62425975
Region15 7 62425975 62427316
Region15 7 62427317 62427980
Region15 7 62427980 62428169
Region15 7 62428169 62428326
Region15 7 62430873 62430900
Region15 7 62430970 62431698
Region15 7 62431699 62432185
Region15 7 62432187 62432258
Region15 7 62432261 62432395
Region15 7 62432395 62432416
Region15 7 62432416 62432694
Region15 7 62432694 62432882
Region15 7 62432882 62432946
Region15 7 62432958 62432982
Region15 7 62432986 62433061
Region15 7 62433061 62433131
Region15 7 62433131 62433316
Region15 7 62433316 62433408
Region15 7 62433408 62433600
Region15 7 62433600 62434165
Region15 7 62434166 62436374
Region15 7 62436374 62436605
Region15 7 62367642 62370526
Region15 7 62287769 62367642
Region15 7 62273223 62285653
Region15 7 62270686 62273223
Region15 7 62270676 62270686
Region15 7 62270647 62270676
Region15 7 62263806 62270647
Region15 7 62261016 62263803
Region15 7 62260421 62261014
Region15 7 62258305 62260420
Region15 7 62252032 62258305
Region15 7 62240634 62252032
Region15 7 62238706 62240633
Region15 7 62238636 62238706
Region15 7 62223380 62238635
Region15 7 62223010 62223379
Region15 7 62217718 62223010
Region15 7 62210813 62217717
Region15 7 62209296 62210811
Region15 7 62203404 62209296
Region15 7 62200147 62203403
Region15 7 62185771 62200144
Region15 7 62180399 62185771
Region15 7 62506779 65235334
Region15 7 65235338 65239791
Region15 7 65239796 65240986
Region15 7 65240987 65241716
Region15 7 65241717 65241842
Region15 7 65241846 65245405
Region15 7 65245405 65248011
Region15 7 65248023 65253228
Region15 7 65253228 65253425
Region15 7 65253431 65257364
Region15 7 65257365 65258046
Region15 7 65258076 65258077
Region15 7 65258114 65258119
Region15 7 65258161 65258209
Region15 7 65258274 65258306
Region15 7 65258320 65258324
Region15 7 65258325 65258402
Region15 7 65258403 65258421
Region15 7 65258046 65258076
Region15 7 65258096 65258098
Region15 7 65258110 65258114
Region15 7 65258122 65258160
Region15 7 65258209 65258274
Region15 7 65258308 65258311
Region15 7 65258311 65258320
Region15 7 65258324 65258325
Region15 7 65258465 65258479
Region15 7 65258479 65258492
Region15 7 65258493 65258512
Region15 7 65258512 65258516
Region15 7 65258526 65258532
Region15 7 65258532 65258541
Region15 7 65258541 65258543
Region15 7 65258549 65258582
Region15 7 65258620 65258651
Region15 7 65258651 65258688
Region15 7 65258692 65258702
Region15 7 65258706 65258718
Region15 7 65258722 65258739
Region15 7 65258741 65258744
Region15 7 65258751 65258757
Region15 7 65258757 65258798
Region15 7 65258799 65259139
Region15 7 65259188 65259199
Region15 7 65259200 65259299
Region15 7 65259341 65260259
Region15 7 65260264 65261852
Region15 7 65261862 65273048
Region15 7 65273048 65273654
Region15 7 65273655 65275232
Region15 7 65275232 65275526
Region15 7 65275526 65277239
Region15 7 65277241 65277737
Region15 7 65277737 65277818
Region15 7 65277819 65282598
Region15 7 65282598 65283082
Region15 7 65283082 65286815
Region15 7 65286815 65289548
Region15 7 65289548 65290497
Region15 7 65290497 65290575
Region15 7 65290580 65292469
Region15 7 65292471 65300180
Region15 7 65300183 65300966
Region15 7 65300966 65301921
Region15 7 65301922 65310604
Region15 7 65310618 65629940
Region15 7 65629941 65641648
Region15 7 65641649 65642362
Region15 7 65642362 65643833
Region15 7 65643833 65645077
Region15 7 65645077 65647610
Region15 7 65647611 65649368
Region15 7 65649369 65651937
Region15 7 65651942 65652030
Region15 7 65652030 65652524
Region15 7 65652524 65653026
Region15 7 65653031 65654079
Region15 7 65654079 65656148
Region15 7 65656148 65659959
Region15 7 65659959 65660217
Region15 7 65660218 65661797
Region15 7 65661797 65666199
Region15 7 65666199 65674160
Region15 7 65674160 65676461
Region15 7 65676461 65677779
Region15 7 65677779 65677846
Region15 7 65677847 65679700
Region15 7 65679700 65685115
Region15 7 65685115 65685743
Region15 7 65685744 65685855
Region15 7 65685857 65687327
Region15 7 65687328 65687546
Region15 7 65687547 65687999
Region15 7 65687999 65690413
Region15 7 65690413 65694256
Region15 7 65694256 65706435
Region15 7 65706443 65712422
Region15 7 65712422 65713286
Region15 7 65713286 65714454
Region15 7 65714454 65716068
Region15 7 65716068 65718837
Region15 7 65718843 65728070
Region15 7 65728076 65732580
Region15 7 65732580 65736852
Region15 7 65736852 65739231
Region15 7 65739241 65739915
Region15 7 65739915 65741746
Region15 7 65741746 66535013
Region16 8 7142477 8318861
Region16 8 8318871 8377352
Region16 8 8377358 11166290
Region16 8 11166291 13142491
Region17 8 43144856 43983744
Region17 8 45927265 46964215
Region17 8 46964215 47218876
Region17 8 47223007 47277374
Region17 8 47277379 47278113
Region17 8 47278113 47280409
Region17 8 47280409 47302459
Region17 8 47307556 47318092
Region17 8 47302459 47307556
Region17 8 47318097 47318194
Region17 8 47318195 47331986
Region17 8 47332009 47342354
Region17 8 47342354 47363223
Region17 8 47363223 47368380
Region17 8 47368384 47389711
Region17 8 47389711 47393730
Region17 8 47393735 47405323
Region17 8 47405323 47762688
Region17 8 47762689 47893255
Region17 8 47893256 48695005
Region17 8 48695006 49087441
Region18 8 110987770 113987771
Region19 10 36711071 38529907
Region19 10 38575704 38861804
Region19 10 41693521 41885273
Region19 10 42101239 42504552
Region20 11 45978448 46320710
Region20 11 46320711 46816083
Region20 11 46816083 47441292
Region20 11 47441292 49958897
Region20 11 49958898 49958953
Region20 11 49958954 49970601
Region20 11 49970601 49970661
Region20 11 49970662 49971113
Region20 11 49971117 49976370
Region20 11 49976375 49976757
Region20 11 49976762 49984871
Region20 11 49984871 49991425
Region20 11 49991425 49994258
Region20 11 49994258 49997951
Region20 11 49997952 50001281
Region20 11 50001281 50003987
Region20 11 50004005 50005959
Region20 11 50005959 50009532
Region20 11 50009533 50011836
Region20 11 50011837 50014831
Region20 11 50014831 50015475
Region20 11 50015477 50017174
Region20 11 50017174 50017839
Region20 11 50080205 50081027
Region20 11 50081027 50082362
Region20 11 50082362 50087877
Region20 11 50087877 50090840
Region20 11 50090841 50091540
Region20 11 50091540 50091957
Region20 11 50091957 50094175
Region20 11 50094177 50094825
Region20 11 50094825 50095165
Region20 11 50095165 50096609
Region20 11 50096609 50097644
Region20 11 50097645 50821348
Region20 11 54930881 54930904
Region20 11 54930877 54930881
Region20 11 54930837 54930876
Region20 11 54930800 54930836
Region20 11 54930786 54930800
Region20 11 54930767 54930777
Region20 11 54930659 54930767
Region20 11 54930656 54930659
Region20 11 54930633 54930651
Region20 11 54930629 54930633
Region20 11 54930568 54930621
Region20 11 54930562 54930567
Region20 11 54930552 54930562
Region20 11 54930495 54930552
Region20 11 54930493 54930495
Region20 11 54930394 54930492
Region20 11 54930313 54930394
Region20 11 54930304 54930306
Region20 11 54930105 54930304
Region20 11 54930100 54930105
Region20 11 54929979 54930098
Region20 11 54929970 54929979
Region20 11 54929525 54929965
Region20 11 54929522 54929525
Region20 11 54929461 54929522
Region20 11 54929458 54929461
Region20 11 54929375 54929455
Region20 11 54929374 54929375
Region20 11 54929343 54929372
Region20 11 54929300 54929339
Region20 11 54929095 54929300
Region20 11 54929085 54929095
Region20 11 54929011 54929084
Region20 11 54928987 54929010
Region20 11 54928981 54928987
Region20 11 54928950 54928980
Region20 11 54928947 54928949
Region20 11 54928943 54928947
Region20 11 54928913 54928938
Region20 11 54928904 54928905
Region20 11 54928850 54928904
Region20 11 54928846 54928850
Region20 11 54928765 54928845
Region20 11 54928763 54928765
Region20 11 54928603 54928758
Region20 11 54928594 54928600
Region20 11 54928520 54928594
Region20 11 54928323 54928519
Region20 11 54928240 54928322
Region20 11 54928233 54928238
Region20 11 54928224 54928233
Region20 11 54927978 54928221
Region20 11 54927912 54927975
Region20 11 54927903 54927912
Region20 11 54927848 54927893
Region20 11 54927828 54927833
Region20 11 54927790 54927828
Region20 11 54927747 54927790
Region20 11 54927741 54927746
Region20 11 54927557 54927741
Region20 11 54927547 54927557
Region20 11 54927164 54927545
Region20 11 54927161 54927164
Region20 11 54927082 54927156
Region20 11 54926992 54927082
Region20 11 54926987 54926990
Region20 11 54926973 54926987
Region20 11 54926952 54926973
Region20 11 54926946 54926952
Region20 11 54926945 54926946
Region20 11 54926790 54926943
Region20 11 54926776 54926789
Region20 11 54926706 54926776
Region20 11 54926702 54926703
Region20 11 54926696 54926702
Region20 11 54926689 54926696
Region20 11 54926678 54926687
Region20 11 54926452 54926678
Region20 11 54926359 54926451
Region20 11 54926353 54926356
Region20 11 54525074 54926353
Region20 11 55059482 56922874
Region20 11 56922875 57099552
Region20 11 57099553 57232526
Region21 11 87789107 87976517
Region21 11 87976518 87976528
Region21 11 87976529 87976653
Region21 11 87976655 87976677
Region21 11 87976681 87976801
Region21 11 87976801 87976907
Region21 11 87976913 87976923
Region21 11 87976924 87977107
Region21 11 87977159 87977368
Region21 11 87977398 87977453
Region21 11 87977487 87977616
Region21 11 88005210 90766832
Region22 12 32847065 33190399
Region22 12 33190399 34703759
Region22 12 37462892 39606198
Region23 12 109062194 110791122
Region23 12 110791123 111562196
Region24 20 33412193 34435691
Region24 20 34435692 34529363
Region24 20 34529364 34747857
Region24 20 34747858 35421463
Region24 20 35421464 35423169
Region24 20 35423174 35428969
Region24 20 35428969 35430816
Region24 20 35430817 35430960
Region24 20 35430961 35431377
Region24 20 35431377 35435480
Region24 20 35435498 35438391
Region24 20 35438391 35438860
Region24 20 35438860 35438867
Region24 20 35438867 35439934
Region24 20 35439934 35442556
Region24 20 35442556 35446908
Region24 20 35446908 35447966
Region24 20 35447966 35448469
Region24 20 35448469 35449292
Region24 20 35449293 35451052
Region24 20 35451052 35455117
Region24 20 35455118 35458576
Region24 20 35458576 35458991
Region24 20 35458994 35461885
Region24 20 35461885 35485083
Region24 20 35485084 35485676
Region24 20 35485676 35491918
Region24 20 35491918 35494976
Region24 20 35494976 35501834
Region24 20 35501836 35502277
Region24 20 35502277 35505671
Region24 20 35505671 35518135
Region24 20 35518136 35527625
Region24 20 35527625 35529903
Region24 20 35529903 35530219
Region24 20 35530222 35531164
Region24 20 35531166 35532620
Region24 20 35532620 35533167
Region24 20 35533168 35535335
Region24 20 35535336 35535837
Region24 20 35535838 35539253
Region24 20 35539255 35539287
Region24 20 35539335 35539557
Region24 20 35539582 35544013
Region24 20 35544017 35544805
Region24 20 35544805 35547787
Region24 20 35547787 35549142
Region24 20 35549142 35553020
Region24 20 35553020 35553171
Region24 20 35553171 35558539
Region24 20 35558540 35559511
Region24 20 35559514 35563029
Region24 20 35563029 35563359
Region24 20 35563360 35564522
Region24 20 35564522 35564671
Region24 20 35564672 35565888
Region24 20 35565888 35566461
Region24 20 35566461 35567304
Region24 20 35567304 35569233
Region24 20 35569233 35572135
Region24 20 35572143 35912078
